1070657.exe , 9.289489746093750000, 8.971984863281250000,  ,  ,  891, 843, 40
1070657.exe , 9.573547363281250000, 9.273742675781250000,  ,  ,  806, 781, 24
1070657.exe , 9.574096679687500000, 9.280700683593750000,  ,  ,  803, 795, 8
1070657.exe , 9.573791503906250000, 9.271911621093750000,  ,  ,  804, 788, 16
1070657.exe , 9.565551757812500000, 9.265075683593750000,  ,  ,  803, 779, 24
1070657.exe , 9.786926269531250000, 9.475830078125000000,  ,  ,  810, 792, 16
1070657.exe , 9.496704101562500000, 9.198791503906250000,  ,  ,  804, 788, 16
1070657.exe , 9.520263671875000000, 9.217590332031250000,  ,  ,  804, 784, 20
1070657.exe , 9.496643066406250000, 9.199279785156250000,  ,  ,  804, 783, 20
1070657.exe , 9.513366699218750000, 9.219909667968750000,  ,  ,  804, 788, 16
1096416.exe , 9.437316894531250000, 9.131225585937500000,  ,  ,  805, 783, 24
1096416.exe , 9.470520019531250000, 9.174133300781250000,  ,  ,  803, 767, 36
1096416.exe , 9.567871093750000000, 9.276000976562500000,  ,  ,  807, 788, 16
1096416.exe , 9.439880371093750000, 9.153869628906250000,  ,  ,  805, 773, 32
1096416.exe , 9.392150878906250000, 9.103637695312500000,  ,  ,  802, 774, 28
1096416.exe , 9.421997070312500000, 9.121032714843750000,  ,  ,  805, 776, 28
1096416.exe , 9.522949218750000000, 9.219055175781250000,  ,  ,  807, 777, 28
1096416.exe , 9.426635742187500000, 9.137268066406250000,  ,  ,  803, 783, 20
1096416.exe , 9.412292480468750000, 9.126708984375000000,  ,  ,  803, 775, 28
1096416.exe , 9.483581542968750000, 9.193481445312500000,  ,  ,  804, 780, 24
1293444.exe , 8.012084960937500000, 7.811340332031250000,  ,  ,  686, 667, 20
1293444.exe , 8.001708984375000000, 7.802978515625000000,  ,  ,  684, 668, 16
1293444.exe , 7.970642089843750000, 7.777099609375000000,  ,  ,  686, 671, 16
1293444.exe , 7.953918457031250000, 7.755615234375000000,  ,  ,  687, 671, 16
1293444.exe , 7.952392578125000000, 7.754089355468750000,  ,  ,  687, 677, 8
1293444.exe , 7.982543945312500000, 7.785339355468750000,  ,  ,  686, 674, 12
1293444.exe , 7.990600585937500000, 7.797119140625000000,  ,  ,  685, 673, 12
1293444.exe , 7.947387695312500000, 7.759216308593750000,  ,  ,  688, 676, 12
1293444.exe , 8.011474609375000000, 7.812011718750000000,  ,  ,  684, 667, 16
1293444.exe , 7.932312011718750000, 7.735656738281250000,  ,  ,  685, 665, 20
1402105.exe , 40.526733398437500000, 39.396484375000000000,  ,  ,  3431, 2304, 1127
1402105.exe , 40.566162109375000000, 39.436218261718750000,  ,  ,  3444, 2327, 1117
1402105.exe , 40.784423828125000000, 39.658142089843750000,  ,  ,  3439, 2284, 1155
1402105.exe , 40.610595703125000000, 39.474914550781250000,  ,  ,  3437, 2314, 1123
1402105.exe , 40.374267578125000000, 39.251159667968750000,  ,  ,  3437, 2279, 1158
1402105.exe , 40.336120605468750000, 39.217102050781250000,  ,  ,  3430, 2283, 1146
1402105.exe , 40.321777343750000000, 39.193298339843750000,  ,  ,  3433, 2300, 1133
1402105.exe , 40.214111328125000000, 39.092468261718750000,  ,  ,  3430, 2312, 1119
1402105.exe , 40.354064941406250000, 39.226074218750000000,  ,  ,  3434, 2308, 1125
1402105.exe , 40.367126464843750000, 39.241027832031250000,  ,  ,  3434, 2287, 1147
1458177.exe , 8.591979980468750000, 8.316711425781250000,  ,  ,  723, 684, 40
1458177.exe , 8.564331054687500000, 8.298706054687500000,  ,  ,  720, 688, 32
1458177.exe , 8.595825195312500000, 8.327392578125000000,  ,  ,  724, 696, 28
1458177.exe , 8.563964843750000000, 8.295532226562500000,  ,  ,  723, 699, 24
1458177.exe , 8.649902343750000000, 8.369323730468750000,  ,  ,  722, 694, 28
1458177.exe , 8.627624511718750000, 8.354675292968750000,  ,  ,  720, 690, 28
1458177.exe , 8.608642578125000000, 8.330444335937500000,  ,  ,  720, 704, 16
1458177.exe , 8.588623046875000000, 8.313293457031250000,  ,  ,  723, 707, 16
1458177.exe , 8.531372070312500000, 8.257507324218750000,  ,  ,  722, 702, 20
1458177.exe , 8.571472167968750000, 8.304687500000000000,  ,  ,  722, 706, 16
1562200.exe , 8.624145507812500000, 8.349365234375000000,  ,  ,  723, 699, 24
1562200.exe , 8.660705566406250000, 8.383789062500000000,  ,  ,  721, 696, 24
1562200.exe , 8.632629394531250000, 8.356323242187500000,  ,  ,  725, 693, 32
1562200.exe , 8.678894042968750000, 8.408630371093750000,  ,  ,  724, 699, 24
1562200.exe , 8.582702636718750000, 8.300964355468750000,  ,  ,  722, 682, 40
1562200.exe , 8.619140625000000000, 8.344482421875000000,  ,  ,  723, 687, 36
1562200.exe , 8.728027343750000000, 8.448486328125000000,  ,  ,  725, 697, 28
1562200.exe , 8.652648925781250000, 8.380493164062500000,  ,  ,  723, 691, 32
1562200.exe , 8.685546875000000000, 8.410949707031250000,  ,  ,  723, 699, 24
1562200.exe , 8.618408203125000000, 8.344482421875000000,  ,  ,  722, 702, 20
1623325.exe , 24.330566406250000000, 23.523620605468750000,  ,  ,  2126, 1302, 822
1623325.exe , 24.321777343750000000, 23.500061035156250000,  ,  ,  2126, 1334, 791
1623325.exe , 24.349182128906250000, 23.535583496093750000,  ,  ,  2120, 1318, 802
1623325.exe , 24.360778808593750000, 23.545776367187500000,  ,  ,  2128, 1256, 871
1623325.exe , 24.396179199218750000, 23.587768554687500000,  ,  ,  2128, 1278, 850
1623325.exe , 24.388732910156250000, 23.576599121093750000,  ,  ,  2123, 1267, 855
1623325.exe , 24.243286132812500000, 23.432128906250000000,  ,  ,  2125, 1358, 767
1623325.exe , 24.314147949218750000, 23.498779296875000000,  ,  ,  2127, 1308, 819
1623325.exe , 24.262390136718750000, 23.441345214843750000,  ,  ,  2126, 1358, 768
1623325.exe , 24.217407226562500000, 23.398437500000000000,  ,  ,  2125, 1269, 855
1626177.exe , 7.737670898437500000, 7.543640136718750000,  ,  ,  655, 631, 24
1626177.exe , 7.770202636718750000, 7.588928222656250000,  ,  ,  657, 635, 20
1626177.exe , 7.745910644531250000, 7.560363769531250000,  ,  ,  658, 650, 8
1626177.exe , 7.750244140625000000, 7.561340332031250000,  ,  ,  656, 644, 12
1626177.exe , 7.738708496093750000, 7.547851562500000000,  ,  ,  656, 631, 24
1626177.exe , 7.774475097656250000, 7.580383300781250000,  ,  ,  658, 649, 8
1626177.exe , 7.773986816406250000, 7.589111328125000000,  ,  ,  656, 636, 20
1626177.exe , 7.732788085937500000, 7.551452636718750000,  ,  ,  657, 642, 16
1626177.exe , 7.722473144531250000, 7.531066894531250000,  ,  ,  656, 647, 8
1626177.exe , 7.713928222656250000, 7.523437500000000000,  ,  ,  656, 632, 24
171227.exe , 5.691772460937500000, 5.491271972656250000,  ,  ,  467, 427, 40
171227.exe , 5.670532226562500000, 5.458129882812500000,  ,  ,  468, 434, 32
171227.exe , 5.627990722656250000, 5.425292968750000000,  ,  ,  468, 433, 32
171227.exe , 5.649902343750000000, 5.443786621093750000,  ,  ,  468, 442, 24
171227.exe , 5.665771484375000000, 5.464050292968750000,  ,  ,  466, 430, 36
171227.exe , 5.743591308593750000, 5.533386230468750000,  ,  ,  469, 434, 36
171227.exe , 5.700561523437500000, 5.500427246093750000,  ,  ,  467, 443, 24
171227.exe , 5.729431152343750000, 5.529724121093750000,  ,  ,  468, 424, 44
171227.exe , 5.690917968750000000, 5.486999511718750000,  ,  ,  463, 423, 40
171227.exe , 5.670288085937500000, 5.468444824218750000,  ,  ,  465, 428, 36
2014050.exe , 8.983093261718750000, 8.690917968750000000,  ,  ,  772, 752, 20
2014050.exe , 8.991760253906250000, 8.701416015625000000,  ,  ,  770, 742, 28
2014050.exe , 9.018310546875000000, 8.726989746093750000,  ,  ,  772, 755, 16
2014050.exe , 9.018676757812500000, 8.731567382812500000,  ,  ,  773, 750, 24
2014050.exe , 8.979797363281250000, 8.694213867187500000,  ,  ,  771, 751, 20
2014050.exe , 8.952880859375000000, 8.663452148437500000,  ,  ,  770, 758, 12
2014050.exe , 9.046325683593750000, 8.763610839843750000,  ,  ,  770, 738, 32
2014050.exe , 9.072265625000000000, 8.789550781250000000,  ,  ,  771, 745, 24
2014050.exe , 9.075622558593750000, 8.781372070312500000,  ,  ,  771, 759, 12
2014050.exe , 9.039672851562500000, 8.757263183593750000,  ,  ,  771, 739, 32
2134955.exe , 24.316467285156250000, 23.505920410156250000,  ,  ,  2124, 1275, 850
2134955.exe , 24.187622070312500000, 23.374206542968750000,  ,  ,  2122, 1273, 851
2134955.exe , 24.272827148437500000, 23.463317871093750000,  ,  ,  2125, 1288, 838
2134955.exe , 24.192749023437500000, 23.372985839843750000,  ,  ,  2122, 1353, 769
2134955.exe , 24.255615234375000000, 23.435058593750000000,  ,  ,  2126, 1223, 901
2134955.exe , 24.264587402343750000, 23.453613281250000000,  ,  ,  2128, 1283, 844
2134955.exe , 24.456542968750000000, 23.644592285156250000,  ,  ,  2120, 1378, 741
2134955.exe , 24.500732421875000000, 23.691284179687500000,  ,  ,  2127, 1302, 825
2134955.exe , 24.279296875000000000, 23.455688476562500000,  ,  ,  2123, 1304, 817
2134955.exe , 24.355163574218750000, 23.550903320312500000,  ,  ,  2119, 1312, 805
2146464.exe , 9.125488281250000000, 8.837707519531250000,  ,  ,  772, 743, 28
2146464.exe , 9.132812500000000000, 8.841003417968750000,  ,  ,  772, 752, 20
2146464.exe , 9.178833007812500000, 8.892517089843750000,  ,  ,  773, 741, 32
2146464.exe , 9.168151855468750000, 8.876037597656250000,  ,  ,  770, 750, 20
2146464.exe , 9.086853027343750000, 8.796630859375000000,  ,  ,  770, 746, 24
2146464.exe , 9.079772949218750000, 8.800231933593750000,  ,  ,  773, 729, 44
2146464.exe , 9.101196289062500000, 8.815002441406250000,  ,  ,  771, 735, 36
2146464.exe , 9.052734375000000000, 8.762207031250000000,  ,  ,  773, 749, 24
2146464.exe , 9.043151855468750000, 8.755004882812500000,  ,  ,  770, 737, 32
2146464.exe , 9.049438476562500000, 8.755981445312500000,  ,  ,  772, 736, 36
2199340.exe , 2.500061035156250000, 2.438049316406250000,  ,  ,  191, 170, 20
2199340.exe , 2.501281738281250000, 2.447082519531250000,  ,  ,  192, 174, 16
2199340.exe , 2.503845214843750000, 2.447082519531250000,  ,  ,  191, 167, 24
2199340.exe , 2.510986328125000000, 2.453186035156250000,  ,  ,  191, 168, 22
2199340.exe , 2.505859375000000000, 2.454284667968750000,  ,  ,  192, 170, 20
2199340.exe , 2.527038574218750000, 2.470336914062500000,  ,  ,  191, 175, 16
2199340.exe , 2.529907226562500000, 2.475341796875000000,  ,  ,  194, 182, 8
2199340.exe , 2.520751953125000000, 2.454345703125000000,  ,  ,  192, 176, 17
2199340.exe , 2.515502929687500000, 2.459899902343750000,  ,  ,  191, 179, 12
2199340.exe , 2.529235839843750000, 2.466857910156250000,  ,  ,  192, 177, 16
2231894.exe , 11.450012207031250000, 11.107788085937500000,  ,  ,  970, 948, 24
2231894.exe , 11.431030273437500000, 11.092407226562500000,  ,  ,  970, 954, 16
2231894.exe , 11.357666015625000000, 11.023071289062500000,  ,  ,  969, 945, 24
2231894.exe , 11.342468261718750000, 11.005981445312500000,  ,  ,  971, 947, 24
2231894.exe , 11.274291992187500000, 10.936584472656250000,  ,  ,  968, 943, 24
2231894.exe , 11.349060058593750000, 11.002868652343750000,  ,  ,  970, 945, 24
2231894.exe , 11.301513671875000000, 10.960937500000000000,  ,  ,  970, 945, 24
2231894.exe , 11.373840332031250000, 11.033996582031250000,  ,  ,  971, 939, 32
2231894.exe , 11.422668457031250000, 11.079895019531250000,  ,  ,  970, 954, 16
2231894.exe , 11.412841796875000000, 11.068359375000000000,  ,  ,  968, 940, 28
2233044.exe , 27.343566894531250000, 26.132019042968750000,  ,  ,  2423, 2365, 56
2233044.exe , 27.958007812500000000, 26.727844238281250000,  ,  ,  2464, 2404, 60
2233044.exe , 27.626647949218750000, 26.417602539062500000,  ,  ,  2430, 2362, 68
2233044.exe , 28.416381835937500000, 27.198425292968750000,  ,  ,  2441, 2397, 44
2233044.exe , 28.704895019531250000, 27.484191894531250000,  ,  ,  2457, 2417, 40
2233044.exe , 27.749938964843750000, 26.545410156250000000,  ,  ,  2416, 2360, 56
2233044.exe , 28.059020996093750000, 26.853515625000000000,  ,  ,  2435, 2379, 56
2233044.exe , 28.082824707031250000, 26.873107910156250000,  ,  ,  2444, 2381, 64
2233044.exe , 27.982543945312500000, 26.758850097656250000,  ,  ,  2438, 2385, 52
2233044.exe , 27.805358886718750000, 26.594482421875000000,  ,  ,  2439, 2391, 48
2258515.exe , 10.662109375000000000, 10.346252441406250000,  ,  ,  849, 828, 20
2258515.exe , 10.616149902343750000, 10.306701660156250000,  ,  ,  846, 814, 32
2258515.exe , 10.616821289062500000, 10.309753417968750000,  ,  ,  847, 819, 28
2258515.exe , 10.622436523437500000, 10.308349609375000000,  ,  ,  847, 819, 28
2258515.exe , 10.533447265625000000, 10.232116699218750000,  ,  ,  844, 808, 36
2258515.exe , 10.656494140625000000, 10.352416992187500000,  ,  ,  846, 818, 28
2258515.exe , 10.648925781250000000, 10.339782714843750000,  ,  ,  846, 818, 28
2258515.exe , 10.603881835937500000, 10.295104980468750000,  ,  ,  846, 806, 40
2258515.exe , 10.543823242187500000, 10.238769531250000000,  ,  ,  844, 808, 36
2258515.exe , 10.619079589843750000, 10.318969726562500000,  ,  ,  846, 818, 28
2378596.exe , 9.575805664062500000, 9.276611328125000000,  ,  ,  809, 777, 32
2378596.exe , 9.498291015625000000, 9.202392578125000000,  ,  ,  811, 773, 40
2378596.exe , 9.527343750000000000, 9.226013183593750000,  ,  ,  813, 789, 24
2378596.exe , 9.581726074218750000, 9.283813476562500000,  ,  ,  814, 782, 32
2378596.exe , 9.528198242187500000, 9.223205566406250000,  ,  ,  811, 775, 36
2378596.exe , 9.495849609375000000, 9.201049804687500000,  ,  ,  813, 787, 24
2378596.exe , 9.565307617187500000, 9.264221191406250000,  ,  ,  811, 771, 40
2378596.exe , 9.619995117187500000, 9.320800781250000000,  ,  ,  810, 770, 40
2378596.exe , 9.681457519531250000, 9.381591796875000000,  ,  ,  817, 785, 32
2378596.exe , 9.603393554687500000, 9.302062988281250000,  ,  ,  815, 793, 20
244450.exe , 6.331481933593750000, 6.179687500000000000,  ,  ,  510, 490, 20
244450.exe , 6.345886230468750000, 6.198059082031250000,  ,  ,  508, 480, 28
244450.exe , 6.336975097656250000, 6.192565917968750000,  ,  ,  511, 479, 32
244450.exe , 6.379028320312500000, 6.229675292968750000,  ,  ,  507, 491, 16
244450.exe , 6.381774902343750000, 6.239318847656250000,  ,  ,  509, 497, 12
244450.exe , 6.375732421875000000, 6.234008789062500000,  ,  ,  508, 500, 8
244450.exe , 6.368896484375000000, 6.219421386718750000,  ,  ,  508, 483, 24
244450.exe , 6.387268066406250000, 6.240539550781250000,  ,  ,  507, 484, 24
244450.exe , 6.405883789062500000, 6.259216308593750000,  ,  ,  507, 494, 12
244450.exe , 6.379272460937500000, 6.235351562500000000,  ,  ,  506, 501, 4
2481720.exe , 26.350219726562500000, 25.465698242187500000,  ,  ,  2246, 1030, 1217
2481720.exe , 26.502319335937500000, 25.630310058593750000,  ,  ,  2253, 1127, 1126
2481720.exe , 26.371520996093750000, 25.500305175781250000,  ,  ,  2248, 1121, 1127
2481720.exe , 26.457946777343750000, 25.582397460937500000,  ,  ,  2248, 1070, 1180
2481720.exe , 26.405273437500000000, 25.536743164062500000,  ,  ,  2250, 1089, 1163
2481720.exe , 26.413269042968750000, 25.533020019531250000,  ,  ,  2251, 1098, 1154
2481720.exe , 26.286560058593750000, 25.414123535156250000,  ,  ,  2250, 1072, 1179
2481720.exe , 26.201293945312500000, 25.320556640625000000,  ,  ,  2253, 1090, 1161
2481720.exe , 26.247253417968750000, 25.373657226562500000,  ,  ,  2252, 1165, 1085
2481720.exe , 26.263488769531250000, 25.387390136718750000,  ,  ,  2249, 1110, 1138
2514076.exe , 9.646301269531250000, 9.354431152343750000,  ,  ,  814, 778, 36
2514076.exe , 9.695922851562500000, 9.405639648437500000,  ,  ,  811, 795, 16
2514076.exe , 9.740539550781250000, 9.441040039062500000,  ,  ,  813, 777, 36
2514076.exe , 9.752319335937500000, 9.450378417968750000,  ,  ,  813, 789, 24
2514076.exe , 9.707336425781250000, 9.407043457031250000,  ,  ,  813, 778, 32
2514076.exe , 9.663452148437500000, 9.368835449218750000,  ,  ,  811, 762, 48
2514076.exe , 9.667846679687500000, 9.364257812500000000,  ,  ,  812, 785, 28
2514076.exe , 9.650634765625000000, 9.352416992187500000,  ,  ,  810, 794, 16
2514076.exe , 9.662841796875000000, 9.363891601562500000,  ,  ,  812, 787, 24
2514076.exe , 9.719421386718750000, 9.418334960937500000,  ,  ,  813, 785, 28
2685596.exe , 9.457397460937500000, 9.157226562500000000,  ,  ,  811, 782, 28
2685596.exe , 9.479980468750000000, 9.179199218750000000,  ,  ,  811, 779, 32
2685596.exe , 9.448913574218750000, 9.156188964843750000,  ,  ,  811, 778, 32
2685596.exe , 9.438293457031250000, 9.146484375000000000,  ,  ,  810, 785, 24
2685596.exe , 9.485717773437500000, 9.178161621093750000,  ,  ,  810, 784, 24
2685596.exe , 9.449462890625000000, 9.152770996093750000,  ,  ,  811, 778, 32
2685596.exe , 9.445617675781250000, 9.152709960937500000,  ,  ,  810, 782, 28
2685596.exe , 9.398071289062500000, 9.097351074218750000,  ,  ,  812, 780, 32
2685596.exe , 9.396789550781250000, 9.100952148437500000,  ,  ,  811, 779, 32
2685596.exe , 9.421752929687500000, 9.121887207031250000,  ,  ,  811, 773, 36
2734446.exe , 29.064819335937500000, 28.184448242187500000,  ,  ,  2491, 1329, 1162
2734446.exe , 29.037292480468750000, 28.158020019531250000,  ,  ,  2490, 1337, 1154
2734446.exe , 29.270507812500000000, 28.385131835937500000,  ,  ,  2490, 1318, 1174
2734446.exe , 29.096557617187500000, 28.213928222656250000,  ,  ,  2486, 1343, 1145
2734446.exe , 29.046936035156250000, 28.168884277343750000,  ,  ,  2489, 1284, 1206
2734446.exe , 28.816894531250000000, 27.937927246093750000,  ,  ,  2487, 1328, 1160
2734446.exe , 28.894348144531250000, 28.015075683593750000,  ,  ,  2482, 1365, 1117
2734446.exe , 28.938659667968750000, 28.055664062500000000,  ,  ,  2486, 1375, 1110
2734446.exe , 28.853515625000000000, 27.973144531250000000,  ,  ,  2489, 1356, 1131
2734446.exe , 28.930969238281250000, 28.053283691406250000,  ,  ,  2492, 1306, 1185
283471.exe , 15.921936035156250000, 15.537109375000000000,  ,  ,  1376, 1360, 16
283471.exe , 15.912536621093750000, 15.521850585937500000,  ,  ,  1377, 1361, 16
283471.exe , 15.873474121093750000, 15.485107421875000000,  ,  ,  1377, 1373, 4
283471.exe , 15.983581542968750000, 15.597412109375000000,  ,  ,  1379, 1363, 16
283471.exe , 15.948974609375000000, 15.561584472656250000,  ,  ,  1376, 1369, 8
283471.exe , 15.858642578125000000, 15.471069335937500000,  ,  ,  1378, 1369, 8
283471.exe , 15.845214843750000000, 15.461791992187500000,  ,  ,  1376, 1364, 12
283471.exe , 15.778564453125000000, 15.383789062500000000,  ,  ,  1376, 1356, 20
283471.exe , 15.848022460937500000, 15.456604003906250000,  ,  ,  1378, 1362, 16
283471.exe , 15.759582519531250000, 15.369934082031250000,  ,  ,  1377, 1368, 8
3205915.exe , 17.713073730468750000, 17.197937011718750000,  ,  ,  1546, 761, 784
3205915.exe , 17.795043945312500000, 17.274169921875000000,  ,  ,  1546, 791, 753
3205915.exe , 17.820373535156250000, 17.299621582031250000,  ,  ,  1547, 752, 793
3205915.exe , 17.748596191406250000, 17.239807128906250000,  ,  ,  1548, 768, 781
3205915.exe , 17.932006835937500000, 17.419555664062500000,  ,  ,  1547, 779, 767
3205915.exe , 17.929565429687500000, 17.412780761718750000,  ,  ,  1548, 789, 759
3205915.exe , 17.952758789062500000, 17.433227539062500000,  ,  ,  1547, 798, 749
3205915.exe , 17.988525390625000000, 17.463867187500000000,  ,  ,  1546, 826, 720
3205915.exe , 17.945983886718750000, 17.426269531250000000,  ,  ,  1545, 748, 796
3205915.exe , 17.954406738281250000, 17.445983886718750000,  ,  ,  1547, 781, 766
3617839.exe , 8.680358886718750000, 8.404479980468750000,  ,  ,  724, 703, 20
3617839.exe , 8.731262207031250000, 8.455322265625000000,  ,  ,  724, 689, 36
3617839.exe , 8.710449218750000000, 8.432250976562500000,  ,  ,  724, 696, 28
3617839.exe , 8.728637695312500000, 8.451477050781250000,  ,  ,  727, 697, 28
3617839.exe , 8.720886230468750000, 8.446777343750000000,  ,  ,  725, 704, 20
3617839.exe , 8.782958984375000000, 8.500915527343750000,  ,  ,  725, 689, 36
3617839.exe , 8.725891113281250000, 8.450927734375000000,  ,  ,  723, 696, 28
3617839.exe , 8.676208496093750000, 8.409057617187500000,  ,  ,  723, 694, 28
3617839.exe , 8.717407226562500000, 8.451599121093750000,  ,  ,  724, 696, 28
3617839.exe , 8.739990234375000000, 8.472595214843750000,  ,  ,  725, 705, 16
3741569.exe , 9.614440917968750000, 9.321289062500000000,  ,  ,  805, 781, 24
3741569.exe , 9.619384765625000000, 9.322937011718750000,  ,  ,  805, 774, 32
3741569.exe , 9.617370605468750000, 9.326660156250000000,  ,  ,  806, 774, 32
3741569.exe , 9.595825195312500000, 9.306335449218750000,  ,  ,  806, 775, 28
3741569.exe , 9.628173828125000000, 9.332397460937500000,  ,  ,  805, 765, 40
3741569.exe , 9.649230957031250000, 9.349304199218750000,  ,  ,  805, 776, 28
3741569.exe , 9.563049316406250000, 9.265808105468750000,  ,  ,  805, 769, 36
3741569.exe , 9.568237304687500000, 9.273376464843750000,  ,  ,  807, 780, 28
3741569.exe , 9.599609375000000000, 9.311767578125000000,  ,  ,  806, 778, 28
3741569.exe , 9.608520507812500000, 9.309631347656250000,  ,  ,  806, 774, 32
3855515.exe , 4.610046386718750000, 4.502136230468750000,  ,  ,  368, 368, 0
3855515.exe , 4.619018554687500000, 4.516357421875000000,  ,  ,  369, 353, 16
3855515.exe , 4.638916015625000000, 4.529907226562500000,  ,  ,  370, 362, 8
3855515.exe , 4.620971679687500000, 4.511352539062500000,  ,  ,  368, 364, 4
3855515.exe , 4.614013671875000000, 4.505676269531250000,  ,  ,  368, 360, 8
3855515.exe , 4.593872070312500000, 4.491394042968750000,  ,  ,  368, 356, 12
3855515.exe , 4.607971191406250000, 4.498413085937500000,  ,  ,  368, 349, 20
3855515.exe , 4.619567871093750000, 4.509216308593750000,  ,  ,  369, 353, 16
3855515.exe , 4.597167968750000000, 4.486511230468750000,  ,  ,  368, 348, 20
3855515.exe , 4.593017578125000000, 4.483032226562500000,  ,  ,  368, 337, 32
3900305.exe , 28.007080078125000000, 27.157470703125000000,  ,  ,  2402, 1260, 1141
3900305.exe , 27.828308105468750000, 26.974853515625000000,  ,  ,  2401, 1253, 1148
3900305.exe , 27.962463378906250000, 27.105163574218750000,  ,  ,  2398, 1241, 1159
3900305.exe , 27.803100585937500000, 26.957336425781250000,  ,  ,  2396, 1293, 1103
3900305.exe , 28.074340820312500000, 27.219360351562500000,  ,  ,  2398, 1311, 1085
3900305.exe , 28.239013671875000000, 27.386047363281250000,  ,  ,  2398, 1221, 1179
3900305.exe , 28.185302734375000000, 27.325073242187500000,  ,  ,  2399, 1304, 1094
3900305.exe , 28.312927246093750000, 27.457153320312500000,  ,  ,  2397, 1257, 1141
3900305.exe , 28.329345703125000000, 27.473144531250000000,  ,  ,  2404, 1254, 1147
3900305.exe , 28.139343261718750000, 27.288024902343750000,  ,  ,  2395, 1280, 1115
3927955.exe , 9.164916992187500000, 8.878417968750000000,  ,  ,  772, 735, 36
3927955.exe , 9.175964355468750000, 8.899658203125000000,  ,  ,  770, 742, 28
3927955.exe , 9.143066406250000000, 8.863525390625000000,  ,  ,  770, 737, 32
3927955.exe , 9.159729003906250000, 8.872985839843750000,  ,  ,  769, 745, 24
3927955.exe , 9.172851562500000000, 8.880187988281250000,  ,  ,  771, 734, 36
3927955.exe , 9.090637207031250000, 8.811401367187500000,  ,  ,  770, 739, 32
3927955.exe , 9.120605468750000000, 8.843505859375000000,  ,  ,  770, 740, 32
3927955.exe , 10.899353027343750000, 10.548645019531250000,  ,  ,  803, 779, 24
3927955.exe , 9.080139160156250000, 8.801269531250000000,  ,  ,  767, 741, 24
3927955.exe , 9.140563964843750000, 8.850219726562500000,  ,  ,  772, 756, 16
416586.exe , 21.141296386718750000, 20.531555175781250000,  ,  ,  1866, 1051, 816
416586.exe , 21.168640136718750000, 20.560852050781250000,  ,  ,  1866, 1078, 789
416586.exe , 21.058166503906250000, 20.446166992187500000,  ,  ,  1866, 1070, 794
416586.exe , 21.143676757812500000, 20.543457031250000000,  ,  ,  1865, 1087, 779
416586.exe , 21.143310546875000000, 20.543701171875000000,  ,  ,  1867, 1111, 756
416586.exe , 21.160339355468750000, 20.551696777343750000,  ,  ,  1865, 1046, 820
416586.exe , 21.128601074218750000, 20.515197753906250000,  ,  ,  1866, 1044, 822
416586.exe , 21.233032226562500000, 20.630737304687500000,  ,  ,  1866, 1054, 812
416586.exe , 21.178955078125000000, 20.571472167968750000,  ,  ,  1870, 1046, 824
416586.exe , 21.156188964843750000, 20.553771972656250000,  ,  ,  1869, 1078, 792
4285324.exe , 36.007141113281250000, 34.923889160156250000,  ,  ,  3112, 2315, 795
4285324.exe , 36.141174316406250000, 35.055297851562500000,  ,  ,  3112, 2327, 786
4285324.exe , 36.151062011718750000, 35.055786132812500000,  ,  ,  3112, 2327, 786
4285324.exe , 36.134155273437500000, 35.038757324218750000,  ,  ,  3110, 2289, 821
4285324.exe , 36.277221679687500000, 35.185180664062500000,  ,  ,  3113, 2288, 824
4285324.exe , 36.203491210937500000, 35.103271484375000000,  ,  ,  3109, 2305, 800
4285324.exe , 36.203247070312500000, 35.112976074218750000,  ,  ,  3112, 2354, 758
4285324.exe , 36.409484863281250000, 35.310302734375000000,  ,  ,  3113, 2311, 804
4285324.exe , 36.133361816406250000, 35.038818359375000000,  ,  ,  3112, 2256, 856
4285324.exe , 36.055297851562500000, 34.960876464843750000,  ,  ,  3111, 2310, 802
4292026.exe , 26.533142089843750000, 25.829101562500000000,  ,  ,  2294, 2266, 28
4292026.exe , 26.649780273437500000, 25.957275390625000000,  ,  ,  2296, 2267, 28
4292026.exe , 26.620300292968750000, 25.930786132812500000,  ,  ,  2293, 2261, 32
4292026.exe , 26.645874023437500000, 25.953308105468750000,  ,  ,  2293, 2257, 36
4292026.exe , 26.980834960937500000, 26.288635253906250000,  ,  ,  2295, 2263, 32
4292026.exe , 26.933105468750000000, 26.243408203125000000,  ,  ,  2294, 2254, 40
4292026.exe , 26.968322753906250000, 26.268310546875000000,  ,  ,  2294, 2266, 28
4292026.exe , 26.994750976562500000, 26.297668457031250000,  ,  ,  2295, 2263, 32
4292026.exe , 26.850524902343750000, 26.151000976562500000,  ,  ,  2294, 2266, 28
4292026.exe , 26.979064941406250000, 26.273498535156250000,  ,  ,  2296, 2272, 24
4421941.exe , 12.986022949218750000, 12.627685546875000000,  ,  ,  1036, 1005, 32
4421941.exe , 12.984375000000000000, 12.622680664062500000,  ,  ,  1036, 995, 40
4421941.exe , 13.003356933593750000, 12.648559570312500000,  ,  ,  1037, 1005, 32
4421941.exe , 13.010620117187500000, 12.644165039062500000,  ,  ,  1037, 1006, 32
4421941.exe , 13.017395019531250000, 12.656799316406250000,  ,  ,  1037, 981, 56
4421941.exe , 12.949890136718750000, 12.586364746093750000,  ,  ,  1037, 981, 56
4421941.exe , 12.927795410156250000, 12.555419921875000000,  ,  ,  1037, 1009, 28
4421941.exe , 12.959106445312500000, 12.599792480468750000,  ,  ,  1037, 1013, 24
4421941.exe , 12.979431152343750000, 12.622009277343750000,  ,  ,  1036, 1012, 24
4421941.exe , 13.008605957031250000, 12.643493652343750000,  ,  ,  1036, 1008, 28
4448176.exe , 9.743835449218750000, 9.449157714843750000,  ,  ,  813, 777, 36
4448176.exe , 9.713928222656250000, 9.410522460937500000,  ,  ,  813, 793, 20
4448176.exe , 9.709289550781250000, 9.411926269531250000,  ,  ,  814, 786, 28
4448176.exe , 9.698364257812500000, 9.407348632812500000,  ,  ,  814, 796, 16
4448176.exe , 9.738952636718750000, 9.430847167968750000,  ,  ,  814, 771, 44
4448176.exe , 9.769165039062500000, 9.469848632812500000,  ,  ,  812, 784, 28
4448176.exe , 9.753173828125000000, 9.447875976562500000,  ,  ,  814, 770, 44
4448176.exe , 9.727661132812500000, 9.434631347656250000,  ,  ,  813, 781, 32
4448176.exe , 9.717773437500000000, 9.427062988281250000,  ,  ,  812, 787, 24
4448176.exe , 9.704345703125000000, 9.414489746093750000,  ,  ,  814, 789, 24
4673593.exe , 9.204711914062500000, 8.915100097656250000,  ,  ,  772, 744, 28
4673593.exe , 9.163391113281250000, 8.875976562500000000,  ,  ,  769, 740, 28
4673593.exe , 9.165161132812500000, 8.878540039062500000,  ,  ,  770, 758, 12
4673593.exe , 9.212707519531250000, 8.920349121093750000,  ,  ,  772, 748, 24
4673593.exe , 9.131408691406250000, 8.843078613281250000,  ,  ,  772, 752, 20
4673593.exe , 9.182922363281250000, 8.899047851562500000,  ,  ,  772, 744, 28
4673593.exe , 9.230590820312500000, 8.944885253906250000,  ,  ,  772, 756, 16
4673593.exe , 9.184631347656250000, 8.903076171875000000,  ,  ,  773, 745, 28
4673593.exe , 9.218017578125000000, 8.923217773437500000,  ,  ,  773, 765, 8
4673593.exe , 9.223327636718750000, 8.936401367187500000,  ,  ,  772, 757, 16
4703799.exe , 9.830322265625000000, 9.527160644531250000,  ,  ,  811, 793, 16
4703799.exe , 9.756835937500000000, 9.456115722656250000,  ,  ,  809, 793, 16
4703799.exe , 9.843505859375000000, 9.541687011718750000,  ,  ,  807, 791, 16
4703799.exe , 9.817871093750000000, 9.528991699218750000,  ,  ,  807, 787, 20
4703799.exe , 9.820617675781250000, 9.525756835937500000,  ,  ,  809, 773, 36
4703799.exe , 9.782470703125000000, 9.483886718750000000,  ,  ,  808, 796, 12
4703799.exe , 9.756652832031250000, 9.457641601562500000,  ,  ,  808, 789, 20
4703799.exe , 9.782531738281250000, 9.475708007812500000,  ,  ,  809, 793, 16
4703799.exe , 9.801452636718750000, 9.498535156250000000,  ,  ,  808, 796, 12
4703799.exe , 9.740051269531250000, 9.443420410156250000,  ,  ,  808, 788, 20
4832111.exe , 24.736999511718750000, 23.922729492187500000,  ,  ,  2121, 1326, 795
4832111.exe , 24.726623535156250000, 23.917480468750000000,  ,  ,  2120, 1313, 806
4832111.exe , 24.611999511718750000, 23.798645019531250000,  ,  ,  2120, 1242, 878
4832111.exe , 24.409057617187500000, 23.588867187500000000,  ,  ,  2120, 1304, 817
4832111.exe , 24.524902343750000000, 23.709777832031250000,  ,  ,  2119, 1264, 854
4832111.exe , 24.602111816406250000, 23.785034179687500000,  ,  ,  2137, 1339, 797
4832111.exe , 24.463867187500000000, 23.655578613281250000,  ,  ,  2117, 1344, 775
4832111.exe , 24.616577148437500000, 23.807800292968750000,  ,  ,  2121, 1288, 831
4832111.exe , 24.442260742187500000, 23.630371093750000000,  ,  ,  2119, 1231, 888
4832111.exe , 24.647583007812500000, 23.836853027343750000,  ,  ,  2118, 1321, 797
4879484.exe , 31.775085449218750000, 30.860107421875000000,  ,  ,  2608, 1440, 1167
4879484.exe , 31.559265136718750000, 30.646301269531250000,  ,  ,  2596, 1423, 1171
4879484.exe , 31.316650390625000000, 30.408386230468750000,  ,  ,  2600, 1488, 1111
4879484.exe , 31.482299804687500000, 30.580993652343750000,  ,  ,  2599, 1493, 1106
4879484.exe , 31.588073730468750000, 30.688537597656250000,  ,  ,  2599, 1420, 1179
4879484.exe , 31.780395507812500000, 30.872131347656250000,  ,  ,  2612, 1474, 1138
4879484.exe , 31.783447265625000000, 30.866821289062500000,  ,  ,  2604, 1436, 1168
4879484.exe , 31.668395996093750000, 30.757690429687500000,  ,  ,  2599, 1456, 1144
4879484.exe , 31.721191406250000000, 30.806091308593750000,  ,  ,  2597, 1452, 1143
4879484.exe , 31.477233886718750000, 30.570861816406250000,  ,  ,  2592, 1491, 1101
5069904.exe , 27.888305664062500000, 27.107849121093750000,  ,  ,  2537, 1667, 868
5069904.exe , 27.971618652343750000, 27.188293457031250000,  ,  ,  2536, 1806, 731
5069904.exe , 27.980041503906250000, 27.191650390625000000,  ,  ,  2532, 1858, 676
5069904.exe , 27.947570800781250000, 27.148498535156250000,  ,  ,  2534, 1717, 818
5069904.exe , 28.009826660156250000, 27.222045898437500000,  ,  ,  2535, 1724, 811
5069904.exe , 27.887084960937500000, 27.092468261718750000,  ,  ,  2533, 1802, 730
5069904.exe , 27.921752929687500000, 27.129028320312500000,  ,  ,  2535, 1704, 833
5069904.exe , 27.899047851562500000, 27.103210449218750000,  ,  ,  2534, 1764, 772
5069904.exe , 28.005859375000000000, 27.223388671875000000,  ,  ,  2534, 1763, 770
5069904.exe , 27.985290527343750000, 27.193542480468750000,  ,  ,  2535, 1736, 799
511442.exe , 11.332397460937500000, 10.952636718750000000,  ,  ,  955, 939, 16
511442.exe , 11.265930175781250000, 10.899230957031250000,  ,  ,  950, 923, 28
511442.exe , 11.295654296875000000, 10.927856445312500000,  ,  ,  952, 932, 20
511442.exe , 11.316589355468750000, 10.949768066406250000,  ,  ,  952, 924, 28
511442.exe , 11.355285644531250000, 10.979248046875000000,  ,  ,  958, 934, 24
511442.exe , 11.313598632812500000, 10.940429687500000000,  ,  ,  953, 929, 24
511442.exe , 11.320617675781250000, 10.950439453125000000,  ,  ,  952, 930, 20
511442.exe , 11.234924316406250000, 10.865722656250000000,  ,  ,  952, 924, 28
511442.exe , 11.321289062500000000, 10.946777343750000000,  ,  ,  957, 937, 20
511442.exe , 11.254150390625000000, 10.888732910156250000,  ,  ,  952, 923, 28
5118663.exe , 9.187622070312500000, 8.894531250000000000,  ,  ,  769, 753, 16
5118663.exe , 9.185974121093750000, 8.895263671875000000,  ,  ,  771, 742, 28
5118663.exe , 9.220703125000000000, 8.932434082031250000,  ,  ,  774, 754, 20
5118663.exe , 9.161621093750000000, 8.877868652343750000,  ,  ,  771, 742, 28
5118663.exe , 9.204406738281250000, 8.912536621093750000,  ,  ,  772, 752, 20
5118663.exe , 9.216979980468750000, 8.929931640625000000,  ,  ,  772, 756, 16
5118663.exe , 9.207824707031250000, 8.914428710937500000,  ,  ,  773, 755, 20
5118663.exe , 9.173645019531250000, 8.887756347656250000,  ,  ,  774, 738, 36
5118663.exe , 9.202270507812500000, 8.904602050781250000,  ,  ,  774, 745, 28
5118663.exe , 9.226440429687500000, 8.940063476562500000,  ,  ,  772, 752, 20
5191445.exe , 26.497924804687500000, 25.490905761718750000,  ,  ,  2436, 2392, 44
5191445.exe , 26.701843261718750000, 25.701293945312500000,  ,  ,  2438, 2391, 44
5191445.exe , 26.706726074218750000, 25.694702148437500000,  ,  ,  2438, 2407, 32
5191445.exe , 26.467102050781250000, 25.466430664062500000,  ,  ,  2426, 2378, 48
5191445.exe , 26.585327148437500000, 25.580566406250000000,  ,  ,  2432, 2389, 44
5191445.exe , 26.682922363281250000, 25.673828125000000000,  ,  ,  2437, 2397, 40
5191445.exe , 26.536376953125000000, 25.522644042968750000,  ,  ,  2434, 2399, 32
5191445.exe , 26.637695312500000000, 25.632019042968750000,  ,  ,  2440, 2390, 48
5191445.exe , 26.552429199218750000, 25.541320800781250000,  ,  ,  2431, 2387, 44
5191445.exe , 26.508911132812500000, 25.506347656250000000,  ,  ,  2436, 2396, 40
5208903.exe , 27.072631835937500000, 26.208374023437500000,  ,  ,  2295, 1473, 824
5208903.exe , 26.889160156250000000, 26.021606445312500000,  ,  ,  2291, 1492, 797
5208903.exe , 26.979309082031250000, 26.118408203125000000,  ,  ,  2289, 1433, 857
5208903.exe , 27.175659179687500000, 26.307861328125000000,  ,  ,  2291, 1425, 868
5208903.exe , 27.275512695312500000, 26.413940429687500000,  ,  ,  2298, 1475, 823
5208903.exe , 27.241455078125000000, 26.380615234375000000,  ,  ,  2294, 1532, 762
5208903.exe , 27.066467285156250000, 26.208984375000000000,  ,  ,  2290, 1487, 802
5208903.exe , 27.158081054687500000, 26.290832519531250000,  ,  ,  2291, 1457, 832
5208903.exe , 27.161804199218750000, 26.302917480468750000,  ,  ,  2292, 1456, 835
5208903.exe , 27.152465820312500000, 26.291137695312500000,  ,  ,  2291, 1456, 833
5441244.exe , 15.664733886718750000, 15.214050292968750000,  ,  ,  1338, 1314, 24
5441244.exe , 15.565490722656250000, 15.127319335937500000,  ,  ,  1338, 1316, 20
5441244.exe , 15.499755859375000000, 15.059570312500000000,  ,  ,  1334, 1317, 16
5441244.exe , 15.587646484375000000, 15.143859863281250000,  ,  ,  1337, 1313, 24
5441244.exe , 15.621826171875000000, 15.179992675781250000,  ,  ,  1338, 1322, 16
5441244.exe , 15.581115722656250000, 15.134094238281250000,  ,  ,  1338, 1309, 28
5441244.exe , 15.708862304687500000, 15.261413574218750000,  ,  ,  1339, 1315, 24
5441244.exe , 15.674499511718750000, 15.235046386718750000,  ,  ,  1340, 1312, 28
5441244.exe , 15.743469238281250000, 15.303588867187500000,  ,  ,  1339, 1319, 20
5441244.exe , 15.680786132812500000, 15.236083984375000000,  ,  ,  1339, 1311, 28
5448241.exe , 7.817321777343750000, 7.632751464843750000,  ,  ,  643, 623, 20
5448241.exe , 7.779602050781250000, 7.596618652343750000,  ,  ,  643, 632, 12
5448241.exe , 7.803405761718750000, 7.617919921875000000,  ,  ,  643, 623, 20
5448241.exe , 7.780273437500000000, 7.602050781250000000,  ,  ,  643, 631, 12
5448241.exe , 7.804992675781250000, 7.615356445312500000,  ,  ,  642, 623, 20
5448241.exe , 7.766845703125000000, 7.585693359375000000,  ,  ,  641, 625, 16
5448241.exe , 7.795532226562500000, 7.604187011718750000,  ,  ,  642, 618, 24
5448241.exe , 7.832580566406250000, 7.645812988281250000,  ,  ,  642, 627, 16
5448241.exe , 7.815673828125000000, 7.638732910156250000,  ,  ,  645, 629, 16
5448241.exe , 7.867980957031250000, 7.688354492187500000,  ,  ,  641, 634, 8
5450722.exe , 20.091857910156250000, 19.545043945312500000,  ,  ,  1685, 1661, 24
5450722.exe , 20.009399414062500000, 19.463378906250000000,  ,  ,  1691, 1659, 32
5450722.exe , 19.988647460937500000, 19.444946289062500000,  ,  ,  1688, 1677, 12
5450722.exe , 20.054687500000000000, 19.508972167968750000,  ,  ,  1687, 1671, 16
5450722.exe , 20.006286621093750000, 19.467834472656250000,  ,  ,  1684, 1652, 32
5450722.exe , 20.052917480468750000, 19.515258789062500000,  ,  ,  1688, 1656, 32
5450722.exe , 20.000976562500000000, 19.448486328125000000,  ,  ,  1686, 1670, 16
5450722.exe , 20.116821289062500000, 19.572204589843750000,  ,  ,  1687, 1671, 16
5450722.exe , 20.093261718750000000, 19.550598144531250000,  ,  ,  1689, 1661, 28
5450722.exe , 20.110534667968750000, 19.575012207031250000,  ,  ,  1688, 1672, 16
5515108.exe , 36.504028320312500000, 35.588317871093750000,  ,  ,  3263, 3256, 8
5515108.exe , 36.597717285156250000, 35.680786132812500000,  ,  ,  3262, 3250, 12
5515108.exe , 36.682006835937500000, 35.767333984375000000,  ,  ,  3263, 3248, 16
5515108.exe , 36.695983886718750000, 35.776367187500000000,  ,  ,  3263, 3247, 16
5515108.exe , 36.721801757812500000, 35.796813964843750000,  ,  ,  3262, 3251, 12
5515108.exe , 36.588317871093750000, 35.674499511718750000,  ,  ,  3261, 3253, 8
5515108.exe , 36.483093261718750000, 35.562927246093750000,  ,  ,  3259, 3235, 24
5515108.exe , 36.249816894531250000, 35.335205078125000000,  ,  ,  3262, 3251, 8
5515108.exe , 36.425476074218750000, 35.510314941406250000,  ,  ,  3260, 3244, 16
5515108.exe , 36.109558105468750000, 35.189514160156250000,  ,  ,  3260, 3248, 12
5521134.exe , 10.415405273437500000, 10.107727050781250000,  ,  ,  862, 822, 40
5521134.exe , 10.470764160156250000, 10.152038574218750000,  ,  ,  863, 843, 20
5521134.exe , 10.429687500000000000, 10.120422363281250000,  ,  ,  862, 842, 20
5521134.exe , 10.418640136718750000, 10.110290527343750000,  ,  ,  861, 841, 20
5521134.exe , 10.445007324218750000, 10.131408691406250000,  ,  ,  862, 842, 20
5521134.exe , 10.450561523437500000, 10.138549804687500000,  ,  ,  860, 841, 20
5521134.exe , 10.418334960937500000, 10.100891113281250000,  ,  ,  861, 845, 16
5521134.exe , 10.509460449218750000, 10.196655273437500000,  ,  ,  863, 838, 24
5521134.exe , 10.526611328125000000, 10.216247558593750000,  ,  ,  863, 843, 20
5521134.exe , 10.565002441406250000, 10.253051757812500000,  ,  ,  863, 828, 36
5524738.exe , 9.333557128906250000, 9.043945312500000000,  ,  ,  772, 749, 24
5524738.exe , 9.297546386718750000, 9.011108398437500000,  ,  ,  770, 748, 20
5524738.exe , 9.301086425781250000, 9.005615234375000000,  ,  ,  771, 750, 20
5524738.exe , 9.293212890625000000, 9.009033203125000000,  ,  ,  769, 733, 36
5524738.exe , 9.300476074218750000, 9.012145996093750000,  ,  ,  772, 751, 20
5524738.exe , 9.261169433593750000, 8.973937988281250000,  ,  ,  776, 752, 20
5524738.exe , 9.162780761718750000, 8.875366210937500000,  ,  ,  769, 741, 28
5524738.exe , 9.178222656250000000, 8.892761230468750000,  ,  ,  771, 743, 28
5524738.exe , 9.197509765625000000, 8.909179687500000000,  ,  ,  771, 746, 24
5524738.exe , 9.198120117187500000, 8.911560058593750000,  ,  ,  770, 742, 28
5527246.exe , 9.253784179687500000, 8.973999023437500000,  ,  ,  770, 750, 20
5527246.exe , 9.218505859375000000, 8.933166503906250000,  ,  ,  770, 750, 20
5527246.exe , 9.253723144531250000, 8.969055175781250000,  ,  ,  771, 758, 12
5527246.exe , 9.237182617187500000, 8.953247070312500000,  ,  ,  770, 749, 20
5527246.exe , 9.198364257812500000, 8.908874511718750000,  ,  ,  769, 762, 8
5527246.exe , 9.265380859375000000, 8.981994628906250000,  ,  ,  770, 750, 20
5527246.exe , 9.322570800781250000, 9.031250000000000000,  ,  ,  772, 743, 28
5527246.exe , 9.332153320312500000, 9.047058105468750000,  ,  ,  772, 752, 20
5527246.exe , 9.325500488281250000, 9.031616210937500000,  ,  ,  773, 744, 28
5527246.exe , 9.292663574218750000, 9.011169433593750000,  ,  ,  773, 761, 12
5600824.exe , 7.706054687500000000, 7.530639648437500000,  ,  ,  643, 623, 20
5600824.exe , 7.744689941406250000, 7.554931640625000000,  ,  ,  642, 624, 16
5600824.exe , 7.746948242187500000, 7.565917968750000000,  ,  ,  642, 629, 12
5600824.exe , 7.677246093750000000, 7.484619140625000000,  ,  ,  643, 622, 20
5600824.exe , 7.707519531250000000, 7.522888183593750000,  ,  ,  641, 625, 16
5600824.exe , 7.713745117187500000, 7.536621093750000000,  ,  ,  643, 615, 28
5600824.exe , 7.680786132812500000, 7.487915039062500000,  ,  ,  643, 631, 12
5600824.exe , 7.691284179687500000, 7.510864257812500000,  ,  ,  643, 635, 8
5600824.exe , 7.690551757812500000, 7.509338378906250000,  ,  ,  641, 621, 20
5600824.exe , 7.689697265625000000, 7.516113281250000000,  ,  ,  643, 631, 12
5602065.exe , 9.239074707031250000, 8.957458496093750000,  ,  ,  772, 744, 28
5602065.exe , 9.308654785156250000, 9.023315429687500000,  ,  ,  774, 738, 36
5602065.exe , 9.225158691406250000, 8.940979003906250000,  ,  ,  772, 740, 32
5602065.exe , 9.296142578125000000, 9.000671386718750000,  ,  ,  773, 741, 32
5602065.exe , 9.298034667968750000, 9.008422851562500000,  ,  ,  774, 752, 20
5602065.exe , 9.277282714843750000, 8.993835449218750000,  ,  ,  773, 741, 32
5602065.exe , 9.304016113281250000, 9.023681640625000000,  ,  ,  774, 738, 36
5602065.exe , 9.319030761718750000, 9.032287597656250000,  ,  ,  773, 742, 32
5602065.exe , 9.296630859375000000, 9.005249023437500000,  ,  ,  773, 752, 20
5602065.exe , 9.346740722656250000, 9.064941406250000000,  ,  ,  773, 741, 32
5606233.exe , 36.381042480468750000, 35.271362304687500000,  ,  ,  3124, 2036, 1088
5606233.exe , 36.599792480468750000, 35.482543945312500000,  ,  ,  3118, 1918, 1197
5606233.exe , 36.684326171875000000, 35.562744140625000000,  ,  ,  3119, 1930, 1189
5606233.exe , 36.834899902343750000, 35.717163085937500000,  ,  ,  3133, 1957, 1176
5606233.exe , 36.967529296875000000, 35.850219726562500000,  ,  ,  3124, 1964, 1160
5606233.exe , 36.701965332031250000, 35.593505859375000000,  ,  ,  3119, 1914, 1205
5606233.exe , 36.778442382812500000, 35.653747558593750000,  ,  ,  3118, 1955, 1163
5606233.exe , 36.635803222656250000, 35.521728515625000000,  ,  ,  3120, 1929, 1190
5606233.exe , 36.807067871093750000, 35.693847656250000000,  ,  ,  3117, 1948, 1170
5606233.exe , 36.641601562500000000, 35.524230957031250000,  ,  ,  3122, 2006, 1114
5606463.exe , 9.111938476562500000, 8.825012207031250000,  ,  ,  771, 751, 20
5606463.exe , 9.102600097656250000, 8.817626953125000000,  ,  ,  772, 752, 20
5606463.exe , 9.107055664062500000, 8.817077636718750000,  ,  ,  770, 751, 20
5606463.exe , 9.127685546875000000, 8.837951660156250000,  ,  ,  771, 737, 32
5606463.exe , 9.099548339843750000, 8.809875488281250000,  ,  ,  771, 729, 40
5606463.exe , 9.135620117187500000, 8.845092773437500000,  ,  ,  772, 749, 24
5606463.exe , 9.143920898437500000, 8.846801757812500000,  ,  ,  776, 752, 24
5606463.exe , 9.109313964843750000, 8.819824218750000000,  ,  ,  771, 751, 20
5606463.exe , 9.170166015625000000, 8.882080078125000000,  ,  ,  773, 756, 16
5606463.exe , 9.147705078125000000, 8.866760253906250000,  ,  ,  771, 746, 24
5690648.exe , 6.058044433593750000, 5.913452148437500000,  ,  ,  476, 468, 8
5690648.exe , 6.061889648437500000, 5.926269531250000000,  ,  ,  476, 455, 20
5690648.exe , 6.090881347656250000, 5.947631835937500000,  ,  ,  477, 469, 8
5690648.exe , 6.035034179687500000, 5.903686523437500000,  ,  ,  477, 469, 8
5690648.exe , 6.016662597656250000, 5.873413085937500000,  ,  ,  476, 465, 12
5690648.exe , 5.983459472656250000, 5.845581054687500000,  ,  ,  475, 468, 8
5690648.exe , 5.975524902343750000, 5.840087890625000000,  ,  ,  476, 460, 16
5690648.exe , 6.007629394531250000, 5.877563476562500000,  ,  ,  475, 463, 12
5690648.exe , 6.038024902343750000, 5.903137207031250000,  ,  ,  476, 460, 16
5690648.exe , 6.080322265625000000, 5.947814941406250000,  ,  ,  476, 464, 12
5748937.exe , 9.444824218750000000, 9.220581054687500000,  ,  ,  784, 773, 12
5748937.exe , 9.435241699218750000, 9.214721679687500000,  ,  ,  783, 763, 20
5748937.exe , 9.455688476562500000, 9.232299804687500000,  ,  ,  784, 780, 4
5748937.exe , 9.495300292968750000, 9.271301269531250000,  ,  ,  784, 768, 16
5748937.exe , 9.503295898437500000, 9.274719238281250000,  ,  ,  786, 773, 12
5748937.exe , 9.505493164062500000, 9.280517578125000000,  ,  ,  785, 779, 4
5748937.exe , 9.531555175781250000, 9.301391601562500000,  ,  ,  786, 781, 4
5748937.exe , 9.498962402343750000, 9.275939941406250000,  ,  ,  785, 777, 8
5748937.exe , 9.466735839843750000, 9.234680175781250000,  ,  ,  785, 765, 20
5748937.exe , 9.392395019531250000, 9.166320800781250000,  ,  ,  786, 778, 8
5770138.exe , 7.826660156250000000, 7.635498046875000000,  ,  ,  646, 613, 32
5770138.exe , 7.774841308593750000, 7.590942382812500000,  ,  ,  642, 623, 20
5770138.exe , 7.749267578125000000, 7.566162109375000000,  ,  ,  644, 624, 20
5770138.exe , 7.707519531250000000, 7.519714355468750000,  ,  ,  644, 631, 12
5770138.exe , 7.775390625000000000, 7.585693359375000000,  ,  ,  644, 628, 16
5770138.exe , 7.781005859375000000, 7.601318359375000000,  ,  ,  643, 640, 4
5770138.exe , 7.759155273437500000, 7.575500488281250000,  ,  ,  642, 614, 28
5770138.exe , 7.737121582031250000, 7.554809570312500000,  ,  ,  643, 613, 28
5770138.exe , 7.754150390625000000, 7.566284179687500000,  ,  ,  643, 619, 24
5770138.exe , 7.753295898437500000, 7.572448730468750000,  ,  ,  644, 628, 16
5964679.exe , 9.155395507812500000, 8.863586425781250000,  ,  ,  772, 752, 20
5964679.exe , 9.193847656250000000, 8.911437988281250000,  ,  ,  772, 752, 20
5964679.exe , 9.206542968750000000, 8.917541503906250000,  ,  ,  772, 756, 16
5964679.exe , 9.176452636718750000, 8.894042968750000000,  ,  ,  772, 754, 16
5964679.exe , 9.224182128906250000, 8.935119628906250000,  ,  ,  769, 749, 20
5964679.exe , 9.210632324218750000, 8.920349121093750000,  ,  ,  772, 752, 20
5964679.exe , 9.245849609375000000, 8.952819824218750000,  ,  ,  772, 740, 32
5964679.exe , 9.247985839843750000, 8.956481933593750000,  ,  ,  773, 753, 20
5964679.exe , 9.186279296875000000, 8.890991210937500000,  ,  ,  772, 752, 20
5964679.exe , 9.223388671875000000, 8.929199218750000000,  ,  ,  772, 760, 12
5976986.exe , 6.247924804687500000, 6.104614257812500000,  ,  ,  484, 472, 12
5976986.exe , 6.169738769531250000, 6.033874511718750000,  ,  ,  483, 466, 16
5976986.exe , 6.232727050781250000, 6.085449218750000000,  ,  ,  481, 473, 8
5976986.exe , 6.201904296875000000, 6.063049316406250000,  ,  ,  481, 477, 4
5976986.exe , 6.157958984375000000, 6.024414062500000000,  ,  ,  481, 469, 12
5976986.exe , 6.170043945312500000, 6.026428222656250000,  ,  ,  482, 470, 12
5976986.exe , 6.195190429687500000, 6.050109863281250000,  ,  ,  482, 467, 16
5976986.exe , 6.173339843750000000, 6.042541503906250000,  ,  ,  484, 472, 12
5976986.exe , 6.171020507812500000, 6.022216796875000000,  ,  ,  482, 469, 12
5976986.exe , 6.209045410156250000, 6.072021484375000000,  ,  ,  486, 470, 16
5979726.exe , 9.491149902343750000, 9.193542480468750000,  ,  ,  796, 760, 36
5979726.exe , 9.456542968750000000, 9.157409667968750000,  ,  ,  793, 765, 28
5979726.exe , 9.475402832031250000, 9.180358886718750000,  ,  ,  796, 780, 16
5979726.exe , 9.523620605468750000, 9.216369628906250000,  ,  ,  797, 769, 28
5979726.exe , 9.491516113281250000, 9.196228027343750000,  ,  ,  796, 768, 28
5979726.exe , 9.468444824218750000, 9.176940917968750000,  ,  ,  796, 776, 20
5979726.exe , 9.530883789062500000, 9.227111816406250000,  ,  ,  795, 771, 24
5979726.exe , 9.512145996093750000, 9.212463378906250000,  ,  ,  793, 781, 12
5979726.exe , 9.482666015625000000, 9.188110351562500000,  ,  ,  794, 782, 12
5979726.exe , 9.510803222656250000, 9.212890625000000000,  ,  ,  794, 770, 24
6003108.exe , 7.659790039062500000, 7.473510742187500000,  ,  ,  646, 638, 8
6003108.exe , 7.686767578125000000, 7.497741699218750000,  ,  ,  647, 635, 12
6003108.exe , 7.754333496093750000, 7.567443847656250000,  ,  ,  651, 640, 12
6003108.exe , 7.678405761718750000, 7.501770019531250000,  ,  ,  646, 630, 16
6003108.exe , 7.682128906250000000, 7.490234375000000000,  ,  ,  651, 635, 16
6003108.exe , 7.668090820312500000, 7.484863281250000000,  ,  ,  651, 632, 20
6003108.exe , 7.697998046875000000, 7.508239746093750000,  ,  ,  649, 645, 4
6003108.exe , 7.716186523437500000, 7.533142089843750000,  ,  ,  650, 637, 12
6003108.exe , 7.642822265625000000, 7.453308105468750000,  ,  ,  647, 631, 16
6003108.exe , 7.670410156250000000, 7.481445312500000000,  ,  ,  646, 630, 16
6110878.exe , 8.904968261718750000, 8.631469726562500000,  ,  ,  732, 704, 28
6110878.exe , 8.855834960937500000, 8.573364257812500000,  ,  ,  732, 696, 36
6110878.exe , 8.907897949218750000, 8.638549804687500000,  ,  ,  732, 691, 40
6110878.exe , 8.865661621093750000, 8.596130371093750000,  ,  ,  729, 690, 40
6110878.exe , 8.929077148437500000, 8.651245117187500000,  ,  ,  733, 707, 24
6110878.exe , 8.974792480468750000, 8.700500488281250000,  ,  ,  733, 710, 24
6110878.exe , 8.975830078125000000, 8.691528320312500000,  ,  ,  735, 708, 28
6110878.exe , 8.902160644531250000, 8.633117675781250000,  ,  ,  733, 690, 44
6110878.exe , 8.886840820312500000, 8.610290527343750000,  ,  ,  735, 701, 36
6110878.exe , 8.794860839843750000, 8.522888183593750000,  ,  ,  733, 689, 44
6417521.exe , 31.232849121093750000, 30.248840332031250000,  ,  ,  2750, 1924, 825
6417521.exe , 31.139465332031250000, 30.149169921875000000,  ,  ,  2750, 1938, 812
6417521.exe , 31.385253906250000000, 30.398864746093750000,  ,  ,  2751, 1964, 789
6417521.exe , 31.120666503906250000, 30.127197265625000000,  ,  ,  2750, 1916, 834
6417521.exe , 31.223449707031250000, 30.226501464843750000,  ,  ,  2752, 1982, 769
6417521.exe , 31.011840820312500000, 30.019104003906250000,  ,  ,  2753, 1962, 792
6417521.exe , 31.007202148437500000, 30.012329101562500000,  ,  ,  2747, 1894, 854
6417521.exe , 31.075744628906250000, 30.090454101562500000,  ,  ,  2750, 1923, 825
6417521.exe , 31.059631347656250000, 30.070129394531250000,  ,  ,  2748, 1928, 821
6417521.exe , 31.235290527343750000, 30.239990234375000000,  ,  ,  2748, 1979, 769
6551688.exe , 6.477111816406250000, 6.323852539062500000,  ,  ,  536, 512, 24
6551688.exe , 6.527465820312500000, 6.367919921875000000,  ,  ,  537, 533, 4
6551688.exe , 6.425048828125000000, 6.271423339843750000,  ,  ,  535, 515, 20
6551688.exe , 6.497558593750000000, 6.339538574218750000,  ,  ,  535, 523, 12
6551688.exe , 6.483764648437500000, 6.327209472656250000,  ,  ,  535, 519, 16
6551688.exe , 6.505859375000000000, 6.353820800781250000,  ,  ,  536, 520, 16
6551688.exe , 6.495300292968750000, 6.346496582031250000,  ,  ,  535, 515, 20
6551688.exe , 6.506469726562500000, 6.354003906250000000,  ,  ,  538, 529, 8
6551688.exe , 6.515258789062500000, 6.369934082031250000,  ,  ,  536, 512, 24
6551688.exe , 6.506652832031250000, 6.355407714843750000,  ,  ,  536, 520, 16
6835408.exe , 9.703002929687500000, 9.412658691406250000,  ,  ,  814, 774, 40
6835408.exe , 9.697326660156250000, 9.404602050781250000,  ,  ,  812, 785, 28
6835408.exe , 9.669067382812500000, 9.367614746093750000,  ,  ,  814, 792, 20
6835408.exe , 9.661254882812500000, 9.355773925781250000,  ,  ,  813, 789, 24
6835408.exe , 9.692871093750000000, 9.393066406250000000,  ,  ,  813, 789, 24
6835408.exe , 9.685424804687500000, 9.394165039062500000,  ,  ,  813, 787, 24
6835408.exe , 9.699096679687500000, 9.393066406250000000,  ,  ,  812, 787, 24
6835408.exe , 9.740905761718750000, 9.439086914062500000,  ,  ,  814, 782, 32
6835408.exe , 9.795898437500000000, 9.500610351562500000,  ,  ,  815, 771, 44
6835408.exe , 9.685180664062500000, 9.382202148437500000,  ,  ,  811, 778, 32
690086.exe , 4.839477539062500000, 4.736328125000000000,  ,  ,  368, 348, 20
690086.exe , 4.841430664062500000, 4.731445312500000000,  ,  ,  368, 356, 12
690086.exe , 4.845947265625000000, 4.744018554687500000,  ,  ,  368, 364, 4
690086.exe , 4.873840332031250000, 4.761901855468750000,  ,  ,  369, 353, 16
690086.exe , 4.890319824218750000, 4.788574218750000000,  ,  ,  368, 352, 16
690086.exe , 4.875305175781250000, 4.760009765625000000,  ,  ,  368, 344, 24
690086.exe , 4.857360839843750000, 4.757812500000000000,  ,  ,  368, 364, 4
690086.exe , 4.845275878906250000, 4.745178222656250000,  ,  ,  368, 349, 20
690086.exe , 4.859741210937500000, 4.753967285156250000,  ,  ,  369, 349, 20
690086.exe , 4.875061035156250000, 4.761901855468750000,  ,  ,  369, 341, 28
691289.exe , 24.993103027343750000, 24.177307128906250000,  ,  ,  2129, 1312, 817
691289.exe , 24.831909179687500000, 24.017517089843750000,  ,  ,  2133, 1322, 809
691289.exe , 24.840515136718750000, 24.031311035156250000,  ,  ,  2132, 1301, 833
691289.exe , 24.912536621093750000, 24.084167480468750000,  ,  ,  2134, 1318, 815
691289.exe , 24.742065429687500000, 23.927001953125000000,  ,  ,  2129, 1287, 842
691289.exe , 24.846984863281250000, 24.029418945312500000,  ,  ,  2133, 1340, 792
691289.exe , 24.832214355468750000, 24.007934570312500000,  ,  ,  2132, 1313, 820
691289.exe , 24.669067382812500000, 23.851989746093750000,  ,  ,  2133, 1279, 853
691289.exe , 24.953430175781250000, 24.131958007812500000,  ,  ,  2133, 1389, 744
691289.exe , 24.896972656250000000, 24.077636718750000000,  ,  ,  2135, 1226, 906
694077.exe , 10.689392089843750000, 10.374389648437500000,  ,  ,  848, 816, 32
694077.exe , 10.737182617187500000, 10.428466796875000000,  ,  ,  847, 819, 28
694077.exe , 10.733398437500000000, 10.427001953125000000,  ,  ,  848, 820, 28
694077.exe , 10.699096679687500000, 10.392883300781250000,  ,  ,  847, 823, 24
694077.exe , 10.712890625000000000, 10.397827148437500000,  ,  ,  846, 822, 24
694077.exe , 10.748779296875000000, 10.444091796875000000,  ,  ,  849, 830, 20
694077.exe , 10.721435546875000000, 10.413635253906250000,  ,  ,  845, 817, 28
694077.exe , 10.754089355468750000, 10.442077636718750000,  ,  ,  848, 810, 36
694077.exe , 10.783996582031250000, 10.474060058593750000,  ,  ,  848, 820, 28
694077.exe , 10.699401855468750000, 10.385314941406250000,  ,  ,  847, 819, 28
7125391.exe , 30.967224121093750000, 29.981567382812500000,  ,  ,  2759, 1985, 776
7125391.exe , 31.078125000000000000, 30.073547363281250000,  ,  ,  2757, 1925, 831
7125391.exe , 30.789794921875000000, 29.801696777343750000,  ,  ,  2757, 1994, 762
7125391.exe , 30.812683105468750000, 29.828735351562500000,  ,  ,  2757, 1918, 839
7125391.exe , 30.946716308593750000, 29.943115234375000000,  ,  ,  2759, 1953, 807
7125391.exe , 31.043640136718750000, 30.052551269531250000,  ,  ,  2758, 1967, 791
7125391.exe , 31.206237792968750000, 30.213073730468750000,  ,  ,  2761, 1968, 793
7125391.exe , 31.144348144531250000, 30.152221679687500000,  ,  ,  2758, 1930, 826
7125391.exe , 31.301452636718750000, 30.306640625000000000,  ,  ,  2762, 1935, 826
7125391.exe , 31.232910156250000000, 30.236083984375000000,  ,  ,  2762, 2019, 743
7170748.exe , 9.347900390625000000, 9.056884765625000000,  ,  ,  775, 755, 20
7170748.exe , 9.354431152343750000, 9.067993164062500000,  ,  ,  775, 743, 32
7170748.exe , 9.355285644531250000, 9.062561035156250000,  ,  ,  773, 752, 20
7170748.exe , 9.350830078125000000, 9.055236816406250000,  ,  ,  772, 748, 24
7170748.exe , 9.370849609375000000, 9.085815429687500000,  ,  ,  772, 752, 20
7170748.exe , 9.390014648437500000, 9.092895507812500000,  ,  ,  771, 751, 20
7170748.exe , 9.401184082031250000, 9.113891601562500000,  ,  ,  770, 745, 24
7170748.exe , 9.380126953125000000, 9.089050292968750000,  ,  ,  773, 747, 24
7170748.exe , 9.412536621093750000, 9.122863769531250000,  ,  ,  776, 765, 12
7170748.exe , 9.376953125000000000, 9.089904785156250000,  ,  ,  774, 750, 24
7264247.exe , 9.977966308593750000, 9.644165039062500000,  ,  ,  834, 790, 44
7264247.exe , 10.006103515625000000, 9.677978515625000000,  ,  ,  833, 801, 32
7264247.exe , 9.917541503906250000, 9.594238281250000000,  ,  ,  833, 817, 16
7264247.exe , 9.971740722656250000, 9.641418457031250000,  ,  ,  831, 795, 36
7264247.exe , 9.916564941406250000, 9.596374511718750000,  ,  ,  833, 795, 36
7264247.exe , 10.031311035156250000, 9.699707031250000000,  ,  ,  830, 802, 28
7264247.exe , 10.009521484375000000, 9.677978515625000000,  ,  ,  832, 808, 24
7264247.exe , 9.946838378906250000, 9.622070312500000000,  ,  ,  831, 790, 40
7264247.exe , 9.938842773437500000, 9.610168457031250000,  ,  ,  829, 798, 32
7264247.exe , 9.904907226562500000, 9.579345703125000000,  ,  ,  829, 780, 48
7356511.exe , 11.593811035156250000, 11.270385742187500000,  ,  ,  893, 873, 20
7356511.exe , 11.620849609375000000, 11.291870117187500000,  ,  ,  893, 871, 24
7356511.exe , 11.552795410156250000, 11.223937988281250000,  ,  ,  892, 872, 20
7356511.exe , 11.568481445312500000, 11.254211425781250000,  ,  ,  892, 872, 20
7356511.exe , 11.521606445312500000, 11.200073242187500000,  ,  ,  892, 868, 24
7356511.exe , 11.530883789062500000, 11.213134765625000000,  ,  ,  892, 869, 24
7356511.exe , 11.606567382812500000, 11.276000976562500000,  ,  ,  891, 879, 12
7356511.exe , 11.539916992187500000, 11.218139648437500000,  ,  ,  892, 876, 16
7356511.exe , 11.604614257812500000, 11.278686523437500000,  ,  ,  892, 876, 16
7356511.exe , 11.530700683593750000, 11.213562011718750000,  ,  ,  894, 870, 24
7504661.exe , 8.943908691406250000, 8.662170410156250000,  ,  ,  735, 699, 36
7504661.exe , 9.002380371093750000, 8.719238281250000000,  ,  ,  733, 705, 28
7504661.exe , 8.994628906250000000, 8.716735839843750000,  ,  ,  733, 709, 24
7504661.exe , 8.997009277343750000, 8.718750000000000000,  ,  ,  734, 702, 32
7504661.exe , 8.986267089843750000, 8.709777832031250000,  ,  ,  735, 710, 24
7504661.exe , 8.965209960937500000, 8.694152832031250000,  ,  ,  736, 705, 28
7504661.exe , 8.914794921875000000, 8.634155273437500000,  ,  ,  735, 701, 32
7504661.exe , 8.921325683593750000, 8.636108398437500000,  ,  ,  734, 699, 36
7504661.exe , 8.969970703125000000, 8.688415527343750000,  ,  ,  736, 700, 36
7504661.exe , 8.995117187500000000, 8.716796875000000000,  ,  ,  735, 712, 24
7575248.exe , 8.755920410156250000, 8.491210937500000000,  ,  ,  719, 707, 12
7575248.exe , 8.843200683593750000, 8.570068359375000000,  ,  ,  721, 693, 28
7575248.exe , 8.853454589843750000, 8.585754394531250000,  ,  ,  720, 705, 16
7575248.exe , 8.854736328125000000, 8.578491210937500000,  ,  ,  722, 698, 24
7575248.exe , 8.857055664062500000, 8.576293945312500000,  ,  ,  722, 694, 28
7575248.exe , 8.874389648437500000, 8.600524902343750000,  ,  ,  721, 705, 16
7575248.exe , 8.885742187500000000, 8.615478515625000000,  ,  ,  721, 700, 20
7575248.exe , 8.823791503906250000, 8.545043945312500000,  ,  ,  722, 702, 20
7575248.exe , 8.772338867187500000, 8.502746582031250000,  ,  ,  722, 702, 20
7575248.exe , 8.753845214843750000, 8.488708496093750000,  ,  ,  724, 709, 12
7793574.exe , 9.106384277343750000, 8.821716308593750000,  ,  ,  772, 756, 16
7793574.exe , 9.151550292968750000, 8.863220214843750000,  ,  ,  771, 747, 24
7793574.exe , 9.171203613281250000, 8.883666992187500000,  ,  ,  771, 745, 24
7793574.exe , 9.162963867187500000, 8.877624511718750000,  ,  ,  771, 751, 20
7793574.exe , 9.149169921875000000, 8.851745605468750000,  ,  ,  772, 752, 20
7793574.exe , 9.178710937500000000, 8.888854980468750000,  ,  ,  770, 753, 16
7793574.exe , 9.165405273437500000, 8.880310058593750000,  ,  ,  769, 744, 24
7793574.exe , 9.206237792968750000, 8.910461425781250000,  ,  ,  771, 743, 28
7793574.exe , 9.150756835937500000, 8.860778808593750000,  ,  ,  772, 748, 24
7793574.exe , 9.066284179687500000, 8.775329589843750000,  ,  ,  769, 742, 28
8238023.exe , 9.143005371093750000, 8.849914550781250000,  ,  ,  771, 739, 32
8238023.exe , 9.161499023437500000, 8.873901367187500000,  ,  ,  771, 747, 24
8238023.exe , 9.182800292968750000, 8.896240234375000000,  ,  ,  771, 747, 24
8238023.exe , 9.141113281250000000, 8.850646972656250000,  ,  ,  771, 755, 16
8238023.exe , 9.146667480468750000, 8.855407714843750000,  ,  ,  769, 754, 16
8238023.exe , 9.181823730468750000, 8.892883300781250000,  ,  ,  769, 745, 24
8238023.exe , 9.197265625000000000, 8.908935546875000000,  ,  ,  772, 755, 16
8238023.exe , 9.169128417968750000, 8.882080078125000000,  ,  ,  771, 743, 28
8238023.exe , 9.154113769531250000, 8.867248535156250000,  ,  ,  768, 742, 28
8238023.exe , 9.192138671875000000, 8.902770996093750000,  ,  ,  771, 756, 16
8269354.exe , 9.210632324218750000, 8.918579101562500000,  ,  ,  768, 749, 20
8269354.exe , 9.198486328125000000, 8.908142089843750000,  ,  ,  771, 755, 16
8269354.exe , 9.149414062500000000, 8.864501953125000000,  ,  ,  769, 753, 16
8269354.exe , 9.163269042968750000, 8.877685546875000000,  ,  ,  770, 753, 16
8269354.exe , 9.162353515625000000, 8.870666503906250000,  ,  ,  772, 744, 28
8269354.exe , 9.196350097656250000, 8.899841308593750000,  ,  ,  772, 735, 36
8269354.exe , 9.158508300781250000, 8.866516113281250000,  ,  ,  770, 746, 24
8269354.exe , 9.168518066406250000, 8.885986328125000000,  ,  ,  769, 753, 16
8269354.exe , 9.131713867187500000, 8.846008300781250000,  ,  ,  768, 744, 24
8269354.exe , 9.151000976562500000, 8.871948242187500000,  ,  ,  769, 745, 24
8509154.exe , 24.589477539062500000, 23.772644042968750000,  ,  ,  2119, 1322, 796
8509154.exe , 24.622436523437500000, 23.808593750000000000,  ,  ,  2122, 1300, 823
8509154.exe , 24.578979492187500000, 23.751159667968750000,  ,  ,  2123, 1348, 776
8509154.exe , 24.571472167968750000, 23.759582519531250000,  ,  ,  2127, 1306, 818
8509154.exe , 24.739624023437500000, 23.926208496093750000,  ,  ,  2119, 1289, 830
8509154.exe , 24.687561035156250000, 23.879699707031250000,  ,  ,  2117, 1271, 846
8509154.exe , 24.821105957031250000, 24.012573242187500000,  ,  ,  2129, 1272, 855
8509154.exe , 24.907653808593750000, 24.097106933593750000,  ,  ,  2121, 1340, 781
8509154.exe , 24.862915039062500000, 24.055114746093750000,  ,  ,  2121, 1384, 737
8509154.exe , 24.757934570312500000, 23.937072753906250000,  ,  ,  2125, 1312, 812
8617072.exe , 24.638366699218750000, 23.818664550781250000,  ,  ,  2114, 1275, 839
8617072.exe , 24.721374511718750000, 23.905883789062500000,  ,  ,  2112, 1347, 768
8617072.exe , 24.761291503906250000, 23.952453613281250000,  ,  ,  2118, 1256, 863
8617072.exe , 24.757324218750000000, 23.942687988281250000,  ,  ,  2116, 1310, 805
8617072.exe , 24.694641113281250000, 23.880859375000000000,  ,  ,  2118, 1266, 854
8617072.exe , 24.682861328125000000, 23.862487792968750000,  ,  ,  2113, 1370, 742
8617072.exe , 24.845520019531250000, 24.029968261718750000,  ,  ,  2118, 1292, 828
8617072.exe , 24.756530761718750000, 23.945495605468750000,  ,  ,  2115, 1344, 771
8617072.exe , 24.747924804687500000, 23.931030273437500000,  ,  ,  2116, 1314, 803
8617072.exe , 24.641845703125000000, 23.828063964843750000,  ,  ,  2116, 1317, 797
8629046.exe , 9.229797363281250000, 8.938110351562500000,  ,  ,  772, 751, 20
8629046.exe , 9.210327148437500000, 8.916381835937500000,  ,  ,  774, 753, 20
8629046.exe , 9.147155761718750000, 8.859619140625000000,  ,  ,  773, 745, 28
8629046.exe , 9.154541015625000000, 8.864807128906250000,  ,  ,  772, 756, 16
8629046.exe , 9.194641113281250000, 8.901672363281250000,  ,  ,  771, 747, 24
8629046.exe , 9.196228027343750000, 8.907409667968750000,  ,  ,  771, 744, 28
8629046.exe , 9.183898925781250000, 8.888977050781250000,  ,  ,  771, 755, 16
8629046.exe , 9.207092285156250000, 8.919128417968750000,  ,  ,  773, 748, 24
8629046.exe , 9.132568359375000000, 8.842773437500000000,  ,  ,  772, 744, 28
8629046.exe , 9.102172851562500000, 8.818420410156250000,  ,  ,  769, 765, 4
