1199099.exe , 16.552032470703125000, 13.093673706054687500, 0.289779663085937500,  ,  848, 797, 48
1199099.exe , 16.374084472656250000, 12.964691162109375000, 0.284286499023437500,  ,  833, 793, 36
1199099.exe , 16.517211914062500000, 13.115875244140625000, 0.282897949218750000,  ,  828, 797, 32
1199099.exe , 16.556259155273437500, 13.113037109375000000, 0.287307739257812500,  ,  840, 802, 38
1199099.exe , 17.038314819335937500, 13.682189941406250000, 0.279891967773437500,  ,  820, 746, 73
1199099.exe , 16.677001953125000000, 13.284210205078125000, 0.284118652343750000,  ,  830, 792, 40
1199099.exe , 16.090591430664062500, 12.703231811523437500, 0.283248901367187500,  ,  830, 814, 16
1199099.exe , 16.525009155273437500, 13.119018554687500000, 0.282684326171875000,  ,  827, 793, 33
1199099.exe , 16.304443359375000000, 12.904556274414062500, 0.284164428710937500,  ,  832, 786, 44
1199099.exe , 16.336349487304687500, 12.967300415039062500, 0.280410766601562500,  ,  821, 791, 28
1379278.exe , 30.086975097656250000, 24.073059082031250000, 0.505722045898437500,  ,  1484, 1155, 330
1379278.exe , 30.809295654296875000, 24.753112792968750000, 0.509140014648437500,  ,  1495, 1156, 337
1379278.exe , 32.285156250000000000, 26.147781372070312500, 0.511398315429687500,  ,  1499, 1147, 352
1379278.exe , 30.701629638671875000, 24.573516845703125000, 0.513198852539062500,  ,  1506, 1151, 354
1379278.exe , 30.496734619140625000, 24.424652099609375000, 0.508758544921875000,  ,  1493, 1155, 337
1379278.exe , 30.750717163085937500, 24.675231933593750000, 0.508956909179687500,  ,  1493, 1133, 360
1379278.exe , 30.742584228515625000, 24.517898559570312500, 0.521133422851562500,  ,  1531, 1147, 384
1379278.exe , 30.812545776367187500, 24.647994995117187500, 0.513854980468750000,  ,  1509, 1191, 319
1379278.exe , 30.825927734375000000, 24.643142700195312500, 0.518020629882812500,  ,  1521, 1152, 371
1379278.exe , 30.438522338867187500, 24.359085083007812500, 0.508911132812500000,  ,  1493, 1218, 274
1400532.exe , 29.229370117187500000, 23.521057128906250000, 0.477401733398437500,  ,  1400, 1368, 32
1400532.exe , 29.338485717773437500, 23.581604003906250000, 0.478424072265625000,  ,  1404, 1352, 48
1400532.exe , 29.399322509765625000, 23.664016723632812500, 0.477691650390625000,  ,  1400, 1352, 48
1400532.exe , 29.011886596679687500, 23.346008300781250000, 0.471466064453125000,  ,  1382, 1317, 64
1400532.exe , 29.020462036132812500, 23.372711181640625000, 0.471359252929687500,  ,  1382, 1351, 28
1400532.exe , 29.449447631835937500, 23.741790771484375000, 0.473876953125000000,  ,  1390, 1346, 44
1400532.exe , 29.231445312500000000, 23.505661010742187500, 0.478622436523437500,  ,  1405, 1336, 69
1400532.exe , 29.305053710937500000, 23.561264038085937500, 0.479339599609375000,  ,  1406, 1349, 56
1400532.exe , 28.575210571289062500, 22.879669189453125000, 0.476165771484375000,  ,  1395, 1335, 60
1400532.exe , 29.315887451171875000, 23.625747680664062500, 0.474456787109375000,  ,  1392, 1342, 50
1604299.exe , 42.930709838867187500, 34.586837768554687500, 0.697158813476562500,  ,  2048, 1771, 278
1604299.exe , 43.304855346679687500, 35.022369384765625000, 0.690612792968750000,  ,  2027, 1793, 233
1604299.exe , 43.728729248046875000, 35.342117309570312500, 0.696151733398437500,  ,  2042, 1743, 298
1604299.exe , 43.523239135742187500, 35.075927734375000000, 0.707229614257812500,  ,  2076, 1759, 318
1604299.exe , 43.579895019531250000, 35.222869873046875000, 0.698776245117187500,  ,  2051, 1743, 311
1604299.exe , 43.689819335937500000, 35.288024902343750000, 0.699905395507812500,  ,  2057, 1708, 348
1604299.exe , 42.907455444335937500, 34.572708129882812500, 0.697799682617187500,  ,  2049, 1794, 255
1604299.exe , 43.372711181640625000, 35.083358764648437500, 0.693710327148437500,  ,  2037, 1712, 325
1604299.exe , 43.371383666992187500, 35.053619384765625000, 0.696273803710937500,  ,  2044, 1693, 353
1604299.exe , 42.989227294921875000, 34.633850097656250000, 0.700851440429687500,  ,  2059, 1695, 364
1779544.exe , 44.067733764648437500, 35.606582641601562500, 0.705139160156250000,  ,  2071, 1818, 252
1779544.exe , 44.170593261718750000, 35.699523925781250000, 0.703048706054687500,  ,  2064, 1710, 356
1779544.exe , 44.543548583984375000, 35.968597412109375000, 0.706634521484375000,  ,  2074, 1734, 341
1779544.exe , 43.695602416992187500, 35.336517333984375000, 0.698135375976562500,  ,  2052, 1706, 346
1779544.exe , 44.034973144531250000, 35.485351562500000000, 0.710464477539062500,  ,  2088, 1729, 359
1779544.exe , 43.659576416015625000, 35.233078002929687500, 0.703781127929687500,  ,  2068, 1727, 344
1779544.exe , 43.608261108398437500, 35.208557128906250000, 0.700271606445312500,  ,  2059, 1722, 336
1779544.exe , 44.025711059570312500, 35.472732543945312500, 0.705917358398437500,  ,  2074, 1713, 361
1779544.exe , 43.793395996093750000, 35.424575805664062500, 0.699310302734375000,  ,  2056, 1778, 277
1779544.exe , 44.111541748046875000, 35.593704223632812500, 0.705261230468750000,  ,  2072, 1737, 335
1817867.exe , 43.246948242187500000, 34.915512084960937500, 0.695144653320312500,  ,  2044, 1706, 337
1817867.exe , 43.621719360351562500, 35.123138427734375000, 0.701660156250000000,  ,  2062, 1706, 356
1817867.exe , 42.813751220703125000, 34.518783569335937500, 0.691421508789062500,  ,  2033, 1710, 323
1817867.exe , 43.430450439453125000, 35.092071533203125000, 0.696517944335937500,  ,  2046, 1712, 336
1817867.exe , 43.227386474609375000, 34.871109008789062500, 0.696929931640625000,  ,  2048, 1665, 381
1817867.exe , 43.178604125976562500, 34.891204833984375000, 0.691207885742187500,  ,  2032, 1752, 277
1817867.exe , 42.457122802734375000, 34.166915893554687500, 0.687942504882812500,  ,  2021, 1707, 313
1817867.exe , 43.672805786132812500, 35.294052124023437500, 0.689071655273437500,  ,  2024, 1737, 286
1817867.exe , 42.737701416015625000, 34.465896606445312500, 0.689132690429687500,  ,  2024, 1699, 327
1817867.exe , 43.174118041992187500, 34.939407348632812500, 0.687911987304687500,  ,  2022, 1702, 320
212795.exe , 16.951248168945312500, 13.442703247070312500, 0.288742065429687500,  ,  845, 808, 36
212795.exe , 16.907546997070312500, 13.407760620117187500, 0.287567138671875000,  ,  842, 780, 63
212795.exe , 16.573486328125000000, 13.148422241210937500, 0.283737182617187500,  ,  830, 773, 57
212795.exe , 16.788146972656250000, 13.419357299804687500, 0.278930664062500000,  ,  816, 795, 22
212795.exe , 16.706039428710937500, 13.212158203125000000, 0.286956787109375000,  ,  840, 806, 33
212795.exe , 16.476699829101562500, 13.085144042968750000, 0.280334472656250000,  ,  821, 770, 52
212795.exe , 16.704452514648437500, 13.186691284179687500, 0.289077758789062500,  ,  848, 780, 68
212795.exe , 16.583236694335937500, 13.165283203125000000, 0.283111572265625000,  ,  829, 785, 44
212795.exe , 16.824279785156250000, 13.354629516601562500, 0.286468505859375000,  ,  839, 795, 45
212795.exe , 16.631164550781250000, 13.178741455078125000, 0.284103393554687500,  ,  833, 773, 60
2286318.exe , 18.606994628906250000, 14.678237915039062500, 0.323532104492187500,  ,  947, 898, 48
2286318.exe , 18.662826538085937500, 14.757217407226562500, 0.320831298828125000,  ,  941, 881, 60
2286318.exe , 18.526107788085937500, 14.665359497070312500, 0.318801879882812500,  ,  934, 864, 69
2286318.exe , 18.801467895507812500, 14.955352783203125000, 0.316390991210937500,  ,  927, 872, 56
2286318.exe , 18.800338745117187500, 14.891632080078125000, 0.321365356445312500,  ,  942, 883, 59
2286318.exe , 18.691833496093750000, 14.788162231445312500, 0.320281982421875000,  ,  938, 906, 32
2286318.exe , 18.626312255859375000, 14.746582031250000000, 0.320495605468750000,  ,  940, 900, 40
2286318.exe , 18.957992553710937500, 15.075500488281250000, 0.318069458007812500,  ,  933, 874, 56
2286318.exe , 18.747375488281250000, 14.854980468750000000, 0.318923950195312500,  ,  934, 856, 78
2286318.exe , 18.356323242187500000, 14.467803955078125000, 0.321182250976562500,  ,  940, 861, 80
2349449.exe , 30.233734130859375000, 24.177673339843750000, 0.502273559570312500,  ,  1473, 1165, 310
2349449.exe , 30.215744018554687500, 24.137115478515625000, 0.504852294921875000,  ,  1482, 1156, 325
2349449.exe , 30.357116699218750000, 24.291381835937500000, 0.499435424804687500,  ,  1465, 1150, 316
2349449.exe , 29.866455078125000000, 23.877944946289062500, 0.493942260742187500,  ,  1451, 1103, 346
2349449.exe , 30.058761596679687500, 24.034530639648437500, 0.499465942382812500,  ,  1467, 1163, 303
2349449.exe , 30.125183105468750000, 24.123306274414062500, 0.498199462890625000,  ,  1463, 1121, 341
2349449.exe , 29.842910766601562500, 23.772674560546875000, 0.499053955078125000,  ,  1465, 1146, 321
2349449.exe , 30.309600830078125000, 24.214248657226562500, 0.499633789062500000,  ,  1467, 1122, 345
2349449.exe , 30.232650756835937500, 24.241378784179687500, 0.496261596679687500,  ,  1457, 1143, 313
2349449.exe , 30.485641479492187500, 24.452301025390625000, 0.501220703125000000,  ,  1472, 1149, 321
2375147.exe , 43.190719604492187500, 34.882095336914062500, 0.692718505859375000,  ,  2036, 1741, 294
2375147.exe , 43.814620971679687500, 35.467086791992187500, 0.696243286132812500,  ,  2047, 1773, 273
2375147.exe , 43.331344604492187500, 34.932525634765625000, 0.697189331054687500,  ,  2049, 1726, 322
2375147.exe , 44.072402954101562500, 35.710815429687500000, 0.692764282226562500,  ,  2037, 1661, 373
2375147.exe , 43.553649902343750000, 35.221801757812500000, 0.694335937500000000,  ,  2039, 1753, 288
2375147.exe , 44.077362060546875000, 35.618087768554687500, 0.697174072265625000,  ,  2047, 1758, 289
2375147.exe , 43.481811523437500000, 35.170150756835937500, 0.690734863281250000,  ,  2032, 1708, 321
2375147.exe , 43.592956542968750000, 35.222930908203125000, 0.696960449218750000,  ,  2047, 1735, 315
2375147.exe , 43.514389038085937500, 35.205856323242187500, 0.691497802734375000,  ,  2034, 1699, 334
2375147.exe , 44.462783813476562500, 35.959655761718750000, 0.707580566406250000,  ,  2080, 1782, 300
2381481.exe , 32.191040039062500000, 26.029479980468750000, 0.505767822265625000,  ,  1486, 1160, 326
2381481.exe , 30.757354736328125000, 24.695693969726562500, 0.503326416015625000,  ,  1477, 1186, 292
2381481.exe , 30.676849365234375000, 24.542053222656250000, 0.505111694335937500,  ,  1483, 1138, 347
2381481.exe , 30.794082641601562500, 24.665893554687500000, 0.506958007812500000,  ,  1488, 1202, 286
2381481.exe , 30.416900634765625000, 24.297317504882812500, 0.507064819335937500,  ,  1489, 1148, 341
2381481.exe , 31.046981811523437500, 24.979293823242187500, 0.500564575195312500,  ,  1469, 1180, 289
2381481.exe , 30.552566528320312500, 24.501190185546875000, 0.501144409179687500,  ,  1471, 1127, 344
2381481.exe , 33.689483642578125000, 27.549942016601562500, 0.504302978515625000,  ,  1479, 1105, 374
2381481.exe , 31.346954345703125000, 25.111251831054687500, 0.510955810546875000,  ,  1501, 1158, 343
2381481.exe , 31.161468505859375000, 24.990020751953125000, 0.505874633789062500,  ,  1487, 1143, 343
2490986.exe , 27.980194091796875000, 22.355407714843750000, 0.460525512695312500,  ,  1353, 1047, 308
2490986.exe , 27.960403442382812500, 22.346710205078125000, 0.460403442382812500,  ,  1351, 1010, 339
2490986.exe , 27.957489013671875000, 22.344558715820312500, 0.462722778320312500,  ,  1359, 979, 380
2490986.exe , 27.711074829101562500, 22.186294555664062500, 0.456985473632812500,  ,  1343, 1088, 253
2490986.exe , 27.868774414062500000, 22.310974121093750000, 0.458175659179687500,  ,  1344, 1037, 308
2490986.exe , 28.123275756835937500, 22.536514282226562500, 0.457183837890625000,  ,  1341, 1064, 276
2490986.exe , 27.813262939453125000, 22.222457885742187500, 0.459640502929687500,  ,  1347, 1004, 341
2490986.exe , 27.872879028320312500, 22.265457153320312500, 0.459228515625000000,  ,  1346, 1025, 321
2490986.exe , 27.998901367187500000, 22.453338623046875000, 0.455749511718750000,  ,  1337, 1031, 306
2490986.exe , 28.095581054687500000, 22.448577880859375000, 0.463272094726562500,  ,  1361, 1040, 318
2766234.exe , 17.179473876953125000, 13.668518066406250000, 0.285659790039062500,  ,  838, 802, 36
2766234.exe , 17.169601440429687500, 13.670440673828125000, 0.286056518554687500,  ,  838, 791, 48
2766234.exe , 17.243713378906250000, 13.756088256835937500, 0.285934448242187500,  ,  837, 778, 60
2766234.exe , 17.135437011718750000, 13.630859375000000000, 0.288528442382812500,  ,  845, 791, 55
2766234.exe , 17.434631347656250000, 13.944396972656250000, 0.285293579101562500,  ,  837, 778, 56
2766234.exe , 16.925628662109375000, 13.407562255859375000, 0.286529541015625000,  ,  839, 785, 56
2766234.exe , 17.236968994140625000, 13.711853027343750000, 0.288223266601562500,  ,  845, 790, 53
2766234.exe , 17.086318969726562500, 13.575424194335937500, 0.288757324218750000,  ,  845, 804, 40
2766234.exe , 17.074081420898437500, 13.517562866210937500, 0.289093017578125000,  ,  847, 799, 47
2766234.exe , 17.082626342773437500, 13.529434204101562500, 0.288528442382812500,  ,  845, 791, 53
2807545.exe , 16.139999389648437500, 12.714431762695312500, 0.281036376953125000,  ,  821, 775, 48
2807545.exe , 16.327743530273437500, 12.936294555664062500, 0.275466918945312500,  ,  806, 774, 32
2807545.exe , 16.430374145507812500, 13.056381225585937500, 0.277191162109375000,  ,  812, 779, 32
2807545.exe , 16.221527099609375000, 12.809188842773437500, 0.278518676757812500,  ,  815, 781, 32
2807545.exe , 16.131515502929687500, 12.811157226562500000, 0.272705078125000000,  ,  798, 754, 45
2807545.exe , 16.225585937500000000, 12.882202148437500000, 0.273117065429687500,  ,  800, 760, 40
2807545.exe , 16.163940429687500000, 12.722320556640625000, 0.282226562500000000,  ,  826, 765, 61
2807545.exe , 16.218139648437500000, 12.872482299804687500, 0.275161743164062500,  ,  807, 739, 67
2807545.exe , 16.331344604492187500, 12.913406372070312500, 0.277343750000000000,  ,  814, 771, 40
2807545.exe , 16.209533691406250000, 12.932083129882812500, 0.270416259765625000,  ,  793, 735, 56
3007872.exe , 18.841033935546875000, 14.954177856445312500, 0.321151733398437500,  ,  941, 884, 56
3007872.exe , 19.111968994140625000, 15.173538208007812500, 0.323516845703125000,  ,  948, 881, 68
3007872.exe , 18.992980957031250000, 15.111068725585937500, 0.316558837890625000,  ,  926, 872, 55
3007872.exe , 19.164596557617187500, 15.244018554687500000, 0.320739746093750000,  ,  941, 901, 40
3007872.exe , 19.063018798828125000, 15.195007324218750000, 0.319274902343750000,  ,  937, 898, 36
3007872.exe , 19.339736938476562500, 15.457168579101562500, 0.319534301757812500,  ,  936, 896, 41
3007872.exe , 19.259262084960937500, 15.356307983398437500, 0.320281982421875000,  ,  938, 880, 56
3007872.exe , 19.287765502929687500, 15.379257202148437500, 0.319000244140625000,  ,  934, 906, 28
3007872.exe , 19.286682128906250000, 15.456222534179687500, 0.314422607421875000,  ,  923, 869, 53
3007872.exe , 18.910858154296875000, 14.998153686523437500, 0.319885253906250000,  ,  939, 877, 60
3121765.exe , 17.182250976562500000, 13.718826293945312500, 0.281463623046875000,  ,  825, 777, 48
3121765.exe , 16.844879150390625000, 13.386886596679687500, 0.285110473632812500,  ,  833, 781, 52
3121765.exe , 16.951782226562500000, 13.448989868164062500, 0.286987304687500000,  ,  842, 804, 36
3121765.exe , 16.997634887695312500, 13.523269653320312500, 0.282302856445312500,  ,  826, 780, 44
3121765.exe , 17.176239013671875000, 13.714172363281250000, 0.283508300781250000,  ,  829, 791, 36
3121765.exe , 17.252166748046875000, 13.933990478515625000, 0.274627685546875000,  ,  804, 750, 54
3121765.exe , 16.874435424804687500, 13.367477416992187500, 0.288131713867187500,  ,  844, 801, 40
3121765.exe , 16.792633056640625000, 13.337112426757812500, 0.285369873046875000,  ,  834, 789, 44
3121765.exe , 17.027450561523437500, 13.512863159179687500, 0.285736083984375000,  ,  838, 794, 44
3121765.exe , 16.972061157226562500, 13.462051391601562500, 0.285842895507812500,  ,  837, 801, 36
3401505.exe , 30.349853515625000000, 24.204269409179687500, 0.502136230468750000,  ,  1472, 1122, 351
3401505.exe , 30.580780029296875000, 24.494476318359375000, 0.498931884765625000,  ,  1466, 1083, 383
3401505.exe , 30.239135742187500000, 24.224029541015625000, 0.492294311523437500,  ,  1446, 1101, 344
3401505.exe , 30.184921264648437500, 24.095230102539062500, 0.498580932617187500,  ,  1463, 1109, 355
3401505.exe , 30.428024291992187500, 24.388092041015625000, 0.493484497070312500,  ,  1447, 1104, 344
3401505.exe , 30.583007812500000000, 24.509216308593750000, 0.500488281250000000,  ,  1468, 1133, 336
3401505.exe , 30.148071289062500000, 24.060668945312500000, 0.498275756835937500,  ,  1461, 1187, 276
3401505.exe , 30.329605102539062500, 24.218887329101562500, 0.501861572265625000,  ,  1472, 1118, 354
3401505.exe , 30.292648315429687500, 24.222991943359375000, 0.499893188476562500,  ,  1466, 1100, 368
3401505.exe , 30.643447875976562500, 24.584167480468750000, 0.499176025390625000,  ,  1466, 1146, 318
340754.exe , 44.783370971679687500, 36.153320312500000000, 0.707366943359375000,  ,  2079, 1745, 333
340754.exe , 44.344985961914062500, 35.839981079101562500, 0.699615478515625000,  ,  2055, 1762, 293
340754.exe , 44.259078979492187500, 35.764297485351562500, 0.703201293945312500,  ,  2066, 1755, 312
340754.exe , 44.820816040039062500, 36.194793701171875000, 0.710922241210937500,  ,  2089, 1758, 332
340754.exe , 44.787612915039062500, 36.302658081054687500, 0.699035644531250000,  ,  2056, 1680, 375
340754.exe , 44.262435913085937500, 35.751434326171875000, 0.700256347656250000,  ,  2058, 1769, 288
340754.exe , 43.876007080078125000, 35.395568847656250000, 0.700500488281250000,  ,  2058, 1760, 298
340754.exe , 44.810684204101562500, 36.191833496093750000, 0.710189819335937500,  ,  2088, 1770, 317
340754.exe , 44.412811279296875000, 35.991485595703125000, 0.695907592773437500,  ,  2044, 1796, 250
340754.exe , 45.244720458984375000, 36.569351196289062500, 0.714416503906250000,  ,  2099, 1762, 336
3509617.exe , 29.248184204101562500, 23.524154663085937500, 0.466934204101562500,  ,  1373, 1309, 64
3509617.exe , 29.275604248046875000, 23.635238647460937500, 0.464721679687500000,  ,  1365, 1339, 24
3509617.exe , 29.146652221679687500, 23.354248046875000000, 0.472763061523437500,  ,  1389, 1366, 20
3509617.exe , 28.949432373046875000, 23.264785766601562500, 0.468368530273437500,  ,  1375, 1317, 60
3509617.exe , 29.316925048828125000, 23.576873779296875000, 0.466659545898437500,  ,  1368, 1322, 45
3509617.exe , 29.176116943359375000, 23.440567016601562500, 0.471771240234375000,  ,  1385, 1345, 40
3509617.exe , 29.377853393554687500, 23.557754516601562500, 0.475051879882812500,  ,  1395, 1372, 24
3509617.exe , 29.302627563476562500, 23.576873779296875000, 0.472549438476562500,  ,  1388, 1356, 32
3509617.exe , 29.170532226562500000, 23.402954101562500000, 0.472213745117187500,  ,  1387, 1333, 52
3509617.exe , 29.237472534179687500, 23.580535888671875000, 0.465927124023437500,  ,  1367, 1332, 33
3585983.exe , 44.758087158203125000, 36.045440673828125000, 0.711105346679687500,  ,  2090, 1733, 358
3585983.exe , 44.548049926757812500, 35.884140014648437500, 0.706268310546875000,  ,  2075, 1781, 292
3585983.exe , 44.524078369140625000, 36.009277343750000000, 0.699798583984375000,  ,  2055, 1739, 316
3585983.exe , 44.190841674804687500, 35.582656860351562500, 0.703567504882812500,  ,  2069, 1761, 308
3585983.exe , 43.991958618164062500, 35.452316284179687500, 0.696914672851562500,  ,  2047, 1716, 330
3585983.exe , 44.735366821289062500, 36.102096557617187500, 0.707534790039062500,  ,  2078, 1797, 281
3585983.exe , 44.453048706054687500, 35.818954467773437500, 0.703826904296875000,  ,  2068, 1755, 314
3585983.exe , 44.675323486328125000, 36.034606933593750000, 0.705795288085937500,  ,  2076, 1766, 310
3585983.exe , 44.960052490234375000, 36.405380249023437500, 0.701385498046875000,  ,  2061, 1775, 286
3585983.exe , 44.721405029296875000, 36.060928344726562500, 0.705764770507812500,  ,  2074, 1746, 328
369842.exe , 50.674880981445312500, 40.803268432617187500, 0.807937622070312500,  ,  2377, 2002, 375
369842.exe , 50.782928466796875000, 40.746948242187500000, 0.814102172851562500,  ,  2393, 2031, 361
369842.exe , 51.163848876953125000, 41.188278198242187500, 0.809753417968750000,  ,  2382, 2003, 378
369842.exe , 51.022644042968750000, 41.076812744140625000, 0.805801391601562500,  ,  2368, 2051, 317
369842.exe , 51.154281616210937500, 41.167495727539062500, 0.813522338867187500,  ,  2390, 2040, 351
369842.exe , 51.187698364257812500, 41.299957275390625000, 0.805770874023437500,  ,  2370, 2011, 360
369842.exe , 50.787139892578125000, 40.867630004882812500, 0.815032958984375000,  ,  2394, 2106, 290
369842.exe , 51.026733398437500000, 41.123947143554687500, 0.809066772460937500,  ,  2379, 2006, 372
369842.exe , 51.247695922851562500, 41.211105346679687500, 0.813339233398437500,  ,  2391, 2020, 373
369842.exe , 51.272354125976562500, 41.308120727539062500, 0.811676025390625000,  ,  2386, 2053, 332
3753295.exe , 16.743774414062500000, 13.299987792968750000, 0.282455444335937500,  ,  829, 773, 56
3753295.exe , 16.818145751953125000, 13.428009033203125000, 0.279235839843750000,  ,  817, 785, 32
3753295.exe , 16.635955810546875000, 13.128387451171875000, 0.285995483398437500,  ,  836, 812, 24
3753295.exe , 16.801422119140625000, 13.356521606445312500, 0.280120849609375000,  ,  821, 789, 32
3753295.exe , 16.563674926757812500, 13.096481323242187500, 0.281997680664062500,  ,  825, 772, 53
3753295.exe , 16.620071411132812500, 13.140792846679687500, 0.283264160156250000,  ,  829, 777, 49
3753295.exe , 16.624755859375000000, 13.235549926757812500, 0.278518676757812500,  ,  815, 769, 45
3753295.exe , 16.696640014648437500, 13.169448852539062500, 0.287216186523437500,  ,  841, 803, 36
3753295.exe , 16.797576904296875000, 13.372039794921875000, 0.282424926757812500,  ,  826, 784, 40
3753295.exe , 16.609970092773437500, 13.183746337890625000, 0.281646728515625000,  ,  825, 807, 16
3836836.exe , 29.850448608398437500, 24.042098999023437500, 0.471694946289062500,  ,  1385, 1344, 41
3836836.exe , 29.716918945312500000, 23.903594970703125000, 0.476089477539062500,  ,  1398, 1350, 48
3836836.exe , 29.599822998046875000, 23.790573120117187500, 0.475387573242187500,  ,  1397, 1353, 44
3836836.exe , 29.566787719726562500, 23.800415039062500000, 0.473907470703125000,  ,  1391, 1345, 44
3836836.exe , 29.419769287109375000, 23.684936523437500000, 0.471603393554687500,  ,  1384, 1347, 36
3836836.exe , 29.919845581054687500, 23.983535766601562500, 0.484130859375000000,  ,  1420, 1379, 40
3836836.exe , 29.720092773437500000, 23.972091674804687500, 0.472106933593750000,  ,  1388, 1336, 52
3836836.exe , 29.653121948242187500, 23.785400390625000000, 0.480621337890625000,  ,  1410, 1354, 56
3836836.exe , 29.548690795898437500, 23.748001098632812500, 0.477340698242187500,  ,  1402, 1344, 56
3836836.exe , 29.525482177734375000, 23.761978149414062500, 0.474166870117187500,  ,  1390, 1313, 76
4327769.exe , 16.436752319335937500, 12.993743896484375000, 0.282974243164062500,  ,  829, 775, 52
4327769.exe , 16.888809204101562500, 13.446975708007812500, 0.282119750976562500,  ,  826, 782, 44
4327769.exe , 16.684036254882812500, 13.253005981445312500, 0.281097412109375000,  ,  824, 789, 36
4327769.exe , 16.843383789062500000, 13.386489868164062500, 0.281158447265625000,  ,  825, 777, 48
4327769.exe , 16.525604248046875000, 13.050292968750000000, 0.285629272460937500,  ,  835, 800, 36
4327769.exe , 16.585998535156250000, 13.126892089843750000, 0.282348632812500000,  ,  826, 791, 36
4327769.exe , 16.781234741210937500, 13.340698242187500000, 0.282211303710937500,  ,  828, 787, 41
4327769.exe , 16.935455322265625000, 13.423034667968750000, 0.286346435546875000,  ,  838, 788, 48
4327769.exe , 16.691757202148437500, 13.241333007812500000, 0.285400390625000000,  ,  835, 789, 48
4327769.exe , 16.677291870117187500, 13.137084960937500000, 0.289245605468750000,  ,  847, 811, 36
4462753.exe , 17.426544189453125000, 13.895462036132812500, 0.285842895507812500,  ,  838, 798, 38
4462753.exe , 17.246994018554687500, 13.725418090820312500, 0.287963867187500000,  ,  842, 805, 36
4462753.exe , 17.360305786132812500, 13.788986206054687500, 0.289535522460937500,  ,  850, 808, 40
4462753.exe , 17.188537597656250000, 13.673965454101562500, 0.288696289062500000,  ,  845, 794, 52
4462753.exe , 17.226959228515625000, 13.645477294921875000, 0.291030883789062500,  ,  851, 800, 52
4462753.exe , 17.154022216796875000, 13.567581176757812500, 0.293670654296875000,  ,  860, 801, 61
4462753.exe , 17.369064331054687500, 13.879028320312500000, 0.285873413085937500,  ,  837, 789, 48
4462753.exe , 17.236923217773437500, 13.635681152343750000, 0.292175292968750000,  ,  855, 790, 65
4462753.exe , 17.425277709960937500, 13.890090942382812500, 0.287796020507812500,  ,  842, 790, 52
4462753.exe , 17.272583007812500000, 13.732559204101562500, 0.288589477539062500,  ,  843, 794, 49
4547977.exe , 30.074295043945312500, 24.158950805664062500, 0.487518310546875000,  ,  1431, 1375, 56
4547977.exe , 29.996475219726562500, 24.098434448242187500, 0.483108520507812500,  ,  1418, 1370, 48
4547977.exe , 30.428939819335937500, 24.545913696289062500, 0.483062744140625000,  ,  1417, 1346, 72
4547977.exe , 30.001144409179687500, 24.092117309570312500, 0.482666015625000000,  ,  1416, 1375, 40
4547977.exe , 29.902786254882812500, 24.069778442382812500, 0.481140136718750000,  ,  1414, 1343, 69
4547977.exe , 30.315124511718750000, 24.373657226562500000, 0.484909057617187500,  ,  1425, 1379, 44
4547977.exe , 30.288269042968750000, 24.407150268554687500, 0.481140136718750000,  ,  1411, 1365, 48
4547977.exe , 30.100311279296875000, 24.215469360351562500, 0.479949951171875000,  ,  1408, 1375, 32
4547977.exe , 29.588714599609375000, 23.731094360351562500, 0.482421875000000000,  ,  1416, 1367, 48
4547977.exe , 30.158676147460937500, 24.226623535156250000, 0.482910156250000000,  ,  1418, 1356, 61
4650304.exe , 17.137420654296875000, 13.678588867187500000, 0.283050537109375000,  ,  828, 804, 24
4650304.exe , 16.878448486328125000, 13.372360229492187500, 0.284713745117187500,  ,  834, 787, 48
4650304.exe , 16.919494628906250000, 13.432846069335937500, 0.283889770507812500,  ,  831, 789, 40
4650304.exe , 16.949371337890625000, 13.540695190429687500, 0.280197143554687500,  ,  820, 755, 64
4650304.exe , 17.148040771484375000, 13.613250732421875000, 0.288513183593750000,  ,  844, 814, 28
4650304.exe , 16.847869873046875000, 13.431198120117187500, 0.280685424804687500,  ,  822, 752, 69
4650304.exe , 16.963470458984375000, 13.432647705078125000, 0.289794921875000000,  ,  848, 801, 48
4650304.exe , 16.774322509765625000, 13.353195190429687500, 0.280776977539062500,  ,  821, 781, 41
4650304.exe , 16.978179931640625000, 13.504669189453125000, 0.283538818359375000,  ,  832, 788, 44
4650304.exe , 16.915054321289062500, 13.438568115234375000, 0.286514282226562500,  ,  838, 797, 40
4981872.exe , 43.698577880859375000, 35.264739990234375000, 0.691070556640625000,  ,  2030, 1661, 368
4981872.exe , 43.434265136718750000, 34.963989257812500000, 0.691421508789062500,  ,  2030, 1712, 318
4981872.exe , 43.057098388671875000, 34.579879760742187500, 0.689971923828125000,  ,  2027, 1657, 371
4981872.exe , 43.849105834960937500, 35.356811523437500000, 0.689849853515625000,  ,  2026, 1706, 322
4981872.exe , 43.442306518554687500, 34.923889160156250000, 0.693481445312500000,  ,  2038, 1708, 331
4981872.exe , 43.870620727539062500, 35.346191406250000000, 0.692947387695312500,  ,  2037, 1675, 364
4981872.exe , 43.378143310546875000, 34.927032470703125000, 0.694641113281250000,  ,  2042, 1706, 335
4981872.exe , 43.320281982421875000, 34.929428100585937500, 0.690612792968750000,  ,  2029, 1686, 342
4981872.exe , 43.969268798828125000, 35.438781738281250000, 0.695343017578125000,  ,  2043, 1711, 334
4981872.exe , 43.612960815429687500, 35.074127197265625000, 0.695556640625000000,  ,  2043, 1703, 341
5118033.exe , 31.071823120117187500, 24.852600097656250000, 0.506484985351562500,  ,  1488, 1157, 331
5118033.exe , 31.179595947265625000, 25.040496826171875000, 0.498168945312500000,  ,  1461, 1151, 312
5118033.exe , 31.196487426757812500, 25.037658691406250000, 0.503936767578125000,  ,  1479, 1208, 269
5118033.exe , 31.121170043945312500, 25.036834716796875000, 0.498825073242187500,  ,  1464, 1078, 388
5118033.exe , 31.053924560546875000, 24.849258422851562500, 0.507507324218750000,  ,  1490, 1180, 310
5118033.exe , 31.340255737304687500, 25.276611328125000000, 0.496658325195312500,  ,  1457, 1117, 340
5118033.exe , 31.193939208984375000, 25.028259277343750000, 0.504699707031250000,  ,  1482, 1183, 300
5118033.exe , 31.324111938476562500, 25.092910766601562500, 0.506759643554687500,  ,  1490, 1182, 307
5118033.exe , 31.322296142578125000, 25.285217285156250000, 0.497238159179687500,  ,  1458, 1138, 320
5118033.exe , 30.601654052734375000, 24.563171386718750000, 0.498168945312500000,  ,  1464, 1185, 277
5445231.exe , 26.396331787109375000, 21.003036499023437500, 0.444580078125000000,  ,  1305, 1269, 36
5445231.exe , 26.247741699218750000, 20.796203613281250000, 0.445861816406250000,  ,  1308, 1253, 56
5445231.exe , 26.428344726562500000, 20.964645385742187500, 0.443664550781250000,  ,  1301, 1273, 28
5445231.exe , 26.322067260742187500, 20.907394409179687500, 0.438537597656250000,  ,  1287, 1235, 52
5445231.exe , 26.131286621093750000, 20.802444458007812500, 0.433242797851562500,  ,  1270, 1208, 60
5445231.exe , 26.647949218750000000, 21.261917114257812500, 0.440307617187500000,  ,  1292, 1238, 53
5445231.exe , 26.344711303710937500, 20.870834350585937500, 0.446731567382812500,  ,  1311, 1241, 69
5445231.exe , 26.677062988281250000, 21.221557617187500000, 0.445892333984375000,  ,  1308, 1277, 32
5445231.exe , 26.401657104492187500, 20.994308471679687500, 0.440887451171875000,  ,  1292, 1228, 64
5445231.exe , 26.260086059570312500, 20.763015747070312500, 0.447280883789062500,  ,  1313, 1262, 48
556438.exe , 47.449615478515625000, 38.379165649414062500, 0.740982055664062500,  ,  2179, 1856, 321
556438.exe , 47.824996948242187500, 38.804229736328125000, 0.739517211914062500,  ,  2174, 1812, 362
556438.exe , 46.736389160156250000, 37.752059936523437500, 0.740615844726562500,  ,  2177, 1838, 340
556438.exe , 46.973449707031250000, 37.892501831054687500, 0.741104125976562500,  ,  2181, 1842, 338
556438.exe , 46.765319824218750000, 37.674987792968750000, 0.740875244140625000,  ,  2179, 1858, 321
556438.exe , 47.217269897460937500, 38.154663085937500000, 0.740509033203125000,  ,  2176, 1811, 365
556438.exe , 47.419830322265625000, 38.352416992187500000, 0.742141723632812500,  ,  2180, 1848, 334
556438.exe , 47.454147338867187500, 38.229202270507812500, 0.751358032226562500,  ,  2209, 1857, 352
556438.exe , 46.950164794921875000, 37.909988403320312500, 0.735366821289062500,  ,  2162, 1839, 323
556438.exe , 47.067474365234375000, 37.963424682617187500, 0.741653442382812500,  ,  2180, 1898, 283
5734497.exe , 51.695999145507812500, 41.721984863281250000, 0.822784423828125000,  ,  2421, 2125, 296
5734497.exe , 51.988296508789062500, 42.013473510742187500, 0.821044921875000000,  ,  2414, 2146, 268
5734497.exe , 52.187026977539062500, 42.070022583007812500, 0.827270507812500000,  ,  2432, 2146, 287
5734497.exe , 52.609481811523437500, 42.567108154296875000, 0.828292846679687500,  ,  2434, 2075, 359
5734497.exe , 52.033767700195312500, 42.034912109375000000, 0.825164794921875000,  ,  2425, 2119, 307
5734497.exe , 52.577163696289062500, 42.376892089843750000, 0.831634521484375000,  ,  2445, 2138, 308
5734497.exe , 52.334152221679687500, 42.358978271484375000, 0.821228027343750000,  ,  2418, 2118, 299
5734497.exe , 52.151275634765625000, 42.007034301757812500, 0.826950073242187500,  ,  2432, 2119, 312
5734497.exe , 52.731033325195312500, 42.625198364257812500, 0.831832885742187500,  ,  2446, 2085, 361
5734497.exe , 52.008575439453125000, 41.903411865234375000, 0.824768066406250000,  ,  2425, 2123, 304
5919264.exe , 43.764358520507812500, 35.416549682617187500, 0.689331054687500000,  ,  2029, 1721, 308
5919264.exe , 44.080383300781250000, 35.543167114257812500, 0.694610595703125000,  ,  2043, 1762, 282
5919264.exe , 44.158065795898437500, 35.678192138671875000, 0.687973022460937500,  ,  2021, 1647, 374
5919264.exe , 43.409439086914062500, 35.052734375000000000, 0.688095092773437500,  ,  2024, 1662, 362
5919264.exe , 44.200057983398437500, 35.733551025390625000, 0.691024780273437500,  ,  2030, 1714, 317
5919264.exe , 43.481826782226562500, 35.085296630859375000, 0.690704345703125000,  ,  2031, 1734, 296
5919264.exe , 43.844650268554687500, 35.447402954101562500, 0.691375732421875000,  ,  2032, 1687, 345
5919264.exe , 43.579864501953125000, 35.206420898437500000, 0.688842773437500000,  ,  2025, 1718, 308
5919264.exe , 43.981307983398437500, 35.528213500976562500, 0.694366455078125000,  ,  2041, 1704, 337
5919264.exe , 44.534225463867187500, 35.961090087890625000, 0.698379516601562500,  ,  2051, 1776, 275
5945162.exe , 16.818801879882812500, 13.296142578125000000, 0.285659790039062500,  ,  837, 789, 48
5945162.exe , 16.891662597656250000, 13.339981079101562500, 0.287490844726562500,  ,  843, 807, 36
5945162.exe , 17.074813842773437500, 13.528137207031250000, 0.285568237304687500,  ,  837, 798, 40
5945162.exe , 16.957260131835937500, 13.466415405273437500, 0.285186767578125000,  ,  835, 803, 32
5945162.exe , 16.981384277343750000, 13.503738403320312500, 0.281494140625000000,  ,  824, 781, 41
5945162.exe , 17.068527221679687500, 13.613113403320312500, 0.281555175781250000,  ,  824, 795, 28
5945162.exe , 16.812240600585937500, 13.315490722656250000, 0.286270141601562500,  ,  836, 796, 41
5945162.exe , 16.987854003906250000, 13.493453979492187500, 0.284927368164062500,  ,  834, 790, 44
5945162.exe , 16.843795776367187500, 13.421600341796875000, 0.279495239257812500,  ,  817, 764, 52
5945162.exe , 17.393081665039062500, 13.842864990234375000, 0.286956787109375000,  ,  840, 807, 32
6049277.exe , 17.026748657226562500, 13.505569458007812500, 0.285537719726562500,  ,  837, 806, 32
6049277.exe , 16.733093261718750000, 13.276306152343750000, 0.282821655273437500,  ,  827, 796, 32
6049277.exe , 16.910202026367187500, 13.453186035156250000, 0.281433105468750000,  ,  822, 795, 28
6049277.exe , 17.030960083007812500, 13.613021850585937500, 0.280029296875000000,  ,  819, 762, 57
6049277.exe , 16.954010009765625000, 13.419097900390625000, 0.288223266601562500,  ,  846, 790, 56
6049277.exe , 16.649017333984375000, 13.184997558593750000, 0.284011840820312500,  ,  832, 814, 16
6049277.exe , 16.884536743164062500, 13.442825317382812500, 0.282073974609375000,  ,  827, 779, 44
6049277.exe , 16.892974853515625000, 13.481781005859375000, 0.280822753906250000,  ,  823, 783, 40
6049277.exe , 16.825576782226562500, 13.355972290039062500, 0.284942626953125000,  ,  834, 792, 40
6049277.exe , 16.885772705078125000, 13.345947265625000000, 0.289108276367187500,  ,  847, 799, 48
6096802.exe , 44.249343872070312500, 35.705230712890625000, 0.696380615234375000,  ,  2048, 1744, 304
6096802.exe , 44.209762573242187500, 35.756973266601562500, 0.698623657226562500,  ,  2053, 1703, 351
6096802.exe , 45.459335327148437500, 36.735534667968750000, 0.712066650390625000,  ,  2092, 1759, 332
6096802.exe , 43.920974731445312500, 35.474197387695312500, 0.698699951171875000,  ,  2051, 1768, 285
6096802.exe , 44.381423950195312500, 35.797332763671875000, 0.698944091796875000,  ,  2054, 1701, 354
6096802.exe , 44.176101684570312500, 35.652954101562500000, 0.700790405273437500,  ,  2062, 1697, 365
6096802.exe , 44.209457397460937500, 35.742248535156250000, 0.697189331054687500,  ,  2049, 1772, 279
6096802.exe , 44.610870361328125000, 36.029632568359375000, 0.699478149414062500,  ,  2056, 1690, 367
6096802.exe , 44.355850219726562500, 35.745376586914062500, 0.700531005859375000,  ,  2059, 1799, 261
6096802.exe , 44.062759399414062500, 35.588714599609375000, 0.698455810546875000,  ,  2054, 1763, 292
610376.exe , 16.606597900390625000, 13.154327392578125000, 0.280487060546875000,  ,  821, 789, 32
610376.exe , 16.679336547851562500, 13.213745117187500000, 0.281570434570312500,  ,  825, 787, 36
610376.exe , 16.515991210937500000, 13.102142333984375000, 0.280624389648437500,  ,  822, 782, 36
610376.exe , 16.629547119140625000, 13.216064453125000000, 0.278839111328125000,  ,  816, 774, 44
610376.exe , 16.753662109375000000, 13.346054077148437500, 0.278091430664062500,  ,  815, 777, 36
610376.exe , 16.689987182617187500, 13.248031616210937500, 0.279891967773437500,  ,  820, 765, 53
610376.exe , 16.613891601562500000, 13.169845581054687500, 0.279647827148437500,  ,  820, 789, 32
610376.exe , 16.504196166992187500, 13.066009521484375000, 0.279541015625000000,  ,  817, 786, 32
610376.exe , 16.302856445312500000, 12.845306396484375000, 0.281158447265625000,  ,  823, 779, 44
610376.exe , 16.575454711914062500, 13.141921997070312500, 0.279052734375000000,  ,  817, 775, 44
6387452.exe , 16.744033813476562500, 13.256607055664062500, 0.282608032226562500,  ,  827, 782, 45
6387452.exe , 16.878448486328125000, 13.450363159179687500, 0.278320312500000000,  ,  816, 774, 42
6387452.exe , 16.840576171875000000, 13.406997680664062500, 0.280151367187500000,  ,  819, 776, 44
6387452.exe , 16.774063110351562500, 13.286071777343750000, 0.283126831054687500,  ,  831, 772, 60
6387452.exe , 16.771209716796875000, 13.254867553710937500, 0.287750244140625000,  ,  841, 807, 36
6387452.exe , 16.739395141601562500, 13.294464111328125000, 0.283218383789062500,  ,  829, 781, 48
6387452.exe , 16.714431762695312500, 13.282882690429687500, 0.282241821289062500,  ,  827, 784, 44
6387452.exe , 16.886886596679687500, 13.429122924804687500, 0.283340454101562500,  ,  831, 785, 44
6387452.exe , 16.758270263671875000, 13.281509399414062500, 0.282882690429687500,  ,  830, 777, 52
6387452.exe , 16.853591918945312500, 13.460998535156250000, 0.276016235351562500,  ,  810, 758, 49
6388784.exe , 53.630645751953125000, 43.134811401367187500, 0.848754882812500000,  ,  2496, 2172, 324
6388784.exe , 53.411926269531250000, 43.069686889648437500, 0.843978881835937500,  ,  2484, 2143, 341
6388784.exe , 53.012557983398437500, 42.691802978515625000, 0.833511352539062500,  ,  2450, 2134, 314
6388784.exe , 53.292877197265625000, 42.922592163085937500, 0.846786499023437500,  ,  2491, 2202, 289
6388784.exe , 52.882125854492187500, 42.525543212890625000, 0.836059570312500000,  ,  2457, 2104, 353
6388784.exe , 53.121688842773437500, 42.832580566406250000, 0.844100952148437500,  ,  2482, 2082, 399
6388784.exe , 52.426132202148437500, 42.224334716796875000, 0.833908081054687500,  ,  2452, 2138, 313
6388784.exe , 53.358306884765625000, 42.989791870117187500, 0.843246459960937500,  ,  2480, 2162, 318
6388784.exe , 53.475952148437500000, 43.036712646484375000, 0.843414306640625000,  ,  2482, 2136, 345
6388784.exe , 52.966293334960937500, 42.616043090820312500, 0.846313476562500000,  ,  2490, 2154, 336
6489020.exe , 16.382141113281250000, 12.955596923828125000, 0.279373168945312500,  ,  818, 778, 40
6489020.exe , 16.564178466796875000, 13.212905883789062500, 0.273529052734375000,  ,  801, 718, 83
6489020.exe , 16.426528930664062500, 13.050186157226562500, 0.274658203125000000,  ,  804, 758, 44
6489020.exe , 16.397094726562500000, 13.021423339843750000, 0.276779174804687500,  ,  810, 763, 44
6489020.exe , 16.284683227539062500, 12.897430419921875000, 0.275909423828125000,  ,  808, 769, 36
6489020.exe , 16.379821777343750000, 12.948867797851562500, 0.279647827148437500,  ,  818, 783, 33
6489020.exe , 16.469665527343750000, 13.076873779296875000, 0.278854370117187500,  ,  816, 760, 56
6489020.exe , 16.187057495117187500, 12.732406616210937500, 0.280227661132812500,  ,  821, 791, 32
6489020.exe , 16.478454589843750000, 13.055740356445312500, 0.276809692382812500,  ,  810, 793, 16
6489020.exe , 16.241912841796875000, 12.800216674804687500, 0.279510498046875000,  ,  820, 772, 48
6522713.exe , 44.208648681640625000, 35.824142456054687500, 0.692794799804687500,  ,  2035, 1734, 303
6522713.exe , 44.090621948242187500, 35.579711914062500000, 0.691970825195312500,  ,  2033, 1736, 294
6522713.exe , 43.758270263671875000, 35.232742309570312500, 0.695892333984375000,  ,  2046, 1756, 289
6522713.exe , 44.089660644531250000, 35.730316162109375000, 0.687942504882812500,  ,  2022, 1684, 339
6522713.exe , 44.197860717773437500, 35.615798950195312500, 0.697799682617187500,  ,  2052, 1767, 284
6522713.exe , 44.000549316406250000, 35.469436645507812500, 0.692596435546875000,  ,  2033, 1776, 258
6522713.exe , 44.118316650390625000, 35.688659667968750000, 0.692199707031250000,  ,  2035, 1698, 338
6522713.exe , 43.742446899414062500, 35.211914062500000000, 0.692886352539062500,  ,  2036, 1709, 326
6522713.exe , 44.159713745117187500, 35.615844726562500000, 0.693054199218750000,  ,  2036, 1691, 345
6522713.exe , 44.146957397460937500, 35.770507812500000000, 0.688568115234375000,  ,  2023, 1700, 324
662138.exe , 30.983078002929687500, 24.809173583984375000, 0.504302978515625000,  ,  1481, 1148, 332
662138.exe , 30.572219848632812500, 24.515457153320312500, 0.498870849609375000,  ,  1466, 1098, 368
662138.exe , 31.015411376953125000, 24.917984008789062500, 0.499114990234375000,  ,  1466, 1089, 378
662138.exe , 30.868499755859375000, 24.809066772460937500, 0.494323730468750000,  ,  1450, 1154, 295
662138.exe , 30.991088867187500000, 24.872375488281250000, 0.497543334960937500,  ,  1461, 1097, 364
662138.exe , 30.939880371093750000, 24.822418212890625000, 0.496856689453125000,  ,  1458, 1099, 359
662138.exe , 31.420181274414062500, 25.276657104492187500, 0.500366210937500000,  ,  1469, 1112, 356
662138.exe , 31.645660400390625000, 25.666778564453125000, 0.491653442382812500,  ,  1442, 1178, 263
662138.exe , 30.964111328125000000, 24.849288940429687500, 0.499206542968750000,  ,  1464, 1182, 283
662138.exe , 31.172393798828125000, 25.069763183593750000, 0.499206542968750000,  ,  1465, 1183, 283
6856892.exe , 17.038269042968750000, 13.644332885742187500, 0.276489257812500000,  ,  810, 758, 52
6856892.exe , 16.741226196289062500, 13.212142944335937500, 0.286849975585937500,  ,  842, 822, 20
6856892.exe , 17.743057250976562500, 14.226058959960937500, 0.287368774414062500,  ,  841, 801, 42
6856892.exe , 16.878051757812500000, 13.391052246093750000, 0.283248901367187500,  ,  831, 799, 34
6856892.exe , 16.836639404296875000, 13.323501586914062500, 0.285125732421875000,  ,  836, 773, 64
6856892.exe , 16.874588012695312500, 13.463912963867187500, 0.279037475585937500,  ,  817, 751, 65
6856892.exe , 16.743820190429687500, 13.321685791015625000, 0.278488159179687500,  ,  815, 782, 32
6856892.exe , 16.731613159179687500, 13.204925537109375000, 0.286132812500000000,  ,  839, 792, 44
6856892.exe , 17.145568847656250000, 13.738372802734375000, 0.278182983398437500,  ,  814, 769, 44
6856892.exe , 17.023391723632812500, 13.556243896484375000, 0.282333374023437500,  ,  826, 788, 36
689377.exe , 30.910491943359375000, 24.765335083007812500, 0.506072998046875000,  ,  1487, 1158, 327
689377.exe , 31.090026855468750000, 24.939620971679687500, 0.503372192382812500,  ,  1477, 1145, 333
689377.exe , 31.243759155273437500, 25.022308349609375000, 0.505325317382812500,  ,  1483, 1158, 327
689377.exe , 31.081008911132812500, 24.932830810546875000, 0.504470825195312500,  ,  1483, 1118, 365
689377.exe , 31.199188232421875000, 25.045440673828125000, 0.501007080078125000,  ,  1472, 1151, 322
689377.exe , 31.300109863281250000, 25.141326904296875000, 0.505004882812500000,  ,  1483, 1112, 373
689377.exe , 31.185699462890625000, 24.950698852539062500, 0.506301879882812500,  ,  1487, 1138, 350
689377.exe , 31.249130249023437500, 25.048126220703125000, 0.502731323242187500,  ,  1476, 1174, 302
689377.exe , 30.856262207031250000, 24.628677368164062500, 0.505783081054687500,  ,  1487, 1127, 359
689377.exe , 30.705795288085937500, 24.528213500976562500, 0.507339477539062500,  ,  1490, 1181, 311
700618.exe , 42.970855712890625000, 34.529373168945312500, 0.690658569335937500,  ,  2031, 1967, 64
700618.exe , 42.569366455078125000, 34.317214965820312500, 0.678314208984375000,  ,  1994, 1937, 56
700618.exe , 42.319137573242187500, 33.921356201171875000, 0.683166503906250000,  ,  2008, 1934, 72
700618.exe , 42.709457397460937500, 34.390045166015625000, 0.681182861328125000,  ,  2000, 1960, 40
700618.exe , 42.481491088867187500, 34.162750244140625000, 0.684616088867187500,  ,  2012, 1961, 52
700618.exe , 42.541152954101562500, 34.104125976562500000, 0.686508178710937500,  ,  2020, 1961, 60
700618.exe , 42.914749145507812500, 34.566116333007812500, 0.683853149414062500,  ,  2011, 1953, 57
700618.exe , 42.447631835937500000, 34.088516235351562500, 0.685241699218750000,  ,  2015, 1951, 64
700618.exe , 42.584777832031250000, 34.291488647460937500, 0.682312011718750000,  ,  2004, 1955, 48
700618.exe , 42.948181152343750000, 34.579315185546875000, 0.682250976562500000,  ,  2006, 1946, 56
7137813.exe , 19.251495361328125000, 15.195663452148437500, 0.329421997070312500,  ,  967, 912, 52
7137813.exe , 19.517471313476562500, 15.468658447265625000, 0.327285766601562500,  ,  960, 900, 60
7137813.exe , 19.300537109375000000, 15.300918579101562500, 0.326126098632812500,  ,  957, 887, 69
7137813.exe , 19.601226806640625000, 15.583923339843750000, 0.328109741210937500,  ,  962, 899, 64
7137813.exe , 19.109237670898437500, 15.080062866210937500, 0.325927734375000000,  ,  954, 911, 44
7137813.exe , 19.459838867187500000, 15.449935913085937500, 0.325546264648437500,  ,  957, 913, 44
7137813.exe , 19.359375000000000000, 15.315170288085937500, 0.326721191406250000,  ,  958, 918, 40
7137813.exe , 19.490097045898437500, 15.474121093750000000, 0.326385498046875000,  ,  958, 888, 69
7137813.exe , 19.674377441406250000, 15.624618530273437500, 0.326812744140625000,  ,  958, 887, 72
7137813.exe , 19.173690795898437500, 15.135299682617187500, 0.329574584960937500,  ,  966, 897, 69
7156796.exe , 18.871597290039062500, 14.954666137695312500, 0.319519042968750000,  ,  937, 881, 56
7156796.exe , 19.095626831054687500, 15.134124755859375000, 0.321197509765625000,  ,  941, 891, 49
7156796.exe , 19.016098022460937500, 15.093322753906250000, 0.317718505859375000,  ,  930, 895, 36
7156796.exe , 18.954132080078125000, 15.119964599609375000, 0.312484741210937500,  ,  915, 856, 60
7156796.exe , 19.000305175781250000, 15.092880249023437500, 0.317657470703125000,  ,  931, 870, 60
7156796.exe , 19.181564331054687500, 15.327484130859375000, 0.315582275390625000,  ,  924, 895, 28
7156796.exe , 19.028381347656250000, 15.174713134765625000, 0.313552856445312500,  ,  919, 879, 40
7156796.exe , 18.810256958007812500, 14.962402343750000000, 0.315231323242187500,  ,  926, 894, 32
7156796.exe , 18.747131347656250000, 14.801239013671875000, 0.320678710937500000,  ,  941, 913, 28
7156796.exe , 18.893890380859375000, 15.004089355468750000, 0.318359375000000000,  ,  933, 910, 24
7406977.exe , 30.660598754882812500, 24.699249267578125000, 0.489974975585937500,  ,  1440, 1126, 315
7406977.exe , 30.633529663085937500, 24.482269287109375000, 0.500381469726562500,  ,  1470, 1178, 293
7406977.exe , 30.526245117187500000, 24.476745605468750000, 0.492721557617187500,  ,  1449, 1103, 344
7406977.exe , 30.654815673828125000, 24.699218750000000000, 0.489074707031250000,  ,  1435, 1136, 298
7406977.exe , 30.445663452148437500, 24.312866210937500000, 0.498458862304687500,  ,  1463, 1100, 365
7406977.exe , 30.453475952148437500, 24.362991333007812500, 0.494491577148437500,  ,  1451, 1189, 264
7406977.exe , 30.756790161132812500, 24.612136840820312500, 0.498046875000000000,  ,  1461, 1076, 389
7406977.exe , 30.918975830078125000, 24.801864624023437500, 0.495361328125000000,  ,  1456, 1190, 264
7406977.exe , 30.894439697265625000, 24.777145385742187500, 0.495056152343750000,  ,  1453, 1124, 330
7406977.exe , 30.909927368164062500, 24.764724731445312500, 0.503173828125000000,  ,  1478, 1132, 347
7414994.exe , 44.692169189453125000, 36.152038574218750000, 0.703460693359375000,  ,  2066, 1721, 346
7414994.exe , 44.019683837890625000, 35.566390991210937500, 0.694000244140625000,  ,  2041, 1710, 331
7414994.exe , 44.411682128906250000, 35.917648315429687500, 0.700271606445312500,  ,  2057, 1718, 339
7414994.exe , 44.517868041992187500, 35.959320068359375000, 0.705780029296875000,  ,  2075, 1759, 316
7414994.exe , 44.232742309570312500, 35.768554687500000000, 0.697418212890625000,  ,  2050, 1761, 289
7414994.exe , 44.461990356445312500, 35.841827392578125000, 0.701278686523437500,  ,  2061, 1767, 296
7414994.exe , 44.595169067382812500, 36.034973144531250000, 0.706115722656250000,  ,  2074, 1723, 349
7414994.exe , 44.414642333984375000, 35.930526733398437500, 0.698928833007812500,  ,  2053, 1758, 297
7414994.exe , 44.824905395507812500, 36.259994506835937500, 0.699813842773437500,  ,  2058, 1643, 414
7414994.exe , 44.091278076171875000, 35.657012939453125000, 0.694992065429687500,  ,  2043, 1715, 328
7457204.exe , 31.370910644531250000, 25.112030029296875000, 0.509933471679687500,  ,  1499, 1177, 323
7457204.exe , 30.765106201171875000, 24.754287719726562500, 0.493331909179687500,  ,  1449, 1150, 298
7457204.exe , 31.063674926757812500, 24.999176025390625000, 0.500381469726562500,  ,  1469, 1141, 327
7457204.exe , 31.303665161132812500, 25.105895996093750000, 0.504913330078125000,  ,  1483, 1113, 369
7457204.exe , 31.080398559570312500, 24.887680053710937500, 0.505676269531250000,  ,  1484, 1189, 295
7457204.exe , 30.998611450195312500, 24.889694213867187500, 0.502807617187500000,  ,  1476, 1171, 304
7457204.exe , 31.020309448242187500, 24.796646118164062500, 0.506240844726562500,  ,  1487, 1196, 290
7457204.exe , 31.171539306640625000, 25.000579833984375000, 0.508377075195312500,  ,  1494, 1129, 366
7457204.exe , 31.272781372070312500, 25.122863769531250000, 0.503509521484375000,  ,  1479, 1194, 286
7457204.exe , 31.242156982421875000, 25.114257812500000000, 0.505645751953125000,  ,  1486, 1164, 322
7718795.exe , 16.662475585937500000, 13.158798217773437500, 0.285278320312500000,  ,  836, 801, 36
7718795.exe , 16.824493408203125000, 13.329757690429687500, 0.284637451171875000,  ,  833, 791, 41
7718795.exe , 16.925369262695312500, 13.437210083007812500, 0.283920288085937500,  ,  832, 796, 36
7718795.exe , 17.035461425781250000, 13.575119018554687500, 0.282867431640625000,  ,  828, 776, 51
7718795.exe , 16.890213012695312500, 13.425598144531250000, 0.280471801757812500,  ,  823, 781, 41
7718795.exe , 17.016189575195312500, 13.518936157226562500, 0.284957885742187500,  ,  835, 774, 60
7718795.exe , 16.777694702148437500, 13.247894287109375000, 0.287551879882812500,  ,  843, 783, 60
7718795.exe , 16.686599731445312500, 13.216888427734375000, 0.284500122070312500,  ,  834, 802, 32
7718795.exe , 16.744781494140625000, 13.221313476562500000, 0.286788940429687500,  ,  842, 791, 48
7718795.exe , 16.789245605468750000, 13.314361572265625000, 0.283218383789062500,  ,  828, 780, 49
784074.exe , 16.316970825195312500, 12.864120483398437500, 0.280502319335937500,  ,  822, 787, 36
784074.exe , 16.566894531250000000, 13.215850830078125000, 0.272262573242187500,  ,  797, 769, 28
784074.exe , 16.274215698242187500, 12.825759887695312500, 0.280303955078125000,  ,  822, 771, 48
784074.exe , 16.343200683593750000, 12.958892822265625000, 0.276870727539062500,  ,  811, 773, 36
784074.exe , 16.497283935546875000, 13.110900878906250000, 0.273864746093750000,  ,  802, 781, 20
784074.exe , 16.475067138671875000, 13.044830322265625000, 0.280883789062500000,  ,  823, 783, 40
784074.exe , 16.704681396484375000, 13.335876464843750000, 0.275756835937500000,  ,  807, 747, 61
784074.exe , 16.383209228515625000, 12.988922119140625000, 0.276672363281250000,  ,  811, 780, 32
784074.exe , 16.250106811523437500, 12.837936401367187500, 0.277816772460937500,  ,  813, 756, 57
784074.exe , 16.487060546875000000, 13.050231933593750000, 0.279525756835937500,  ,  819, 762, 56
7875893.exe , 16.146850585937500000, 12.720199584960937500, 0.278182983398437500,  ,  815, 782, 32
7875893.exe , 16.311172485351562500, 12.977142333984375000, 0.272186279296875000,  ,  798, 770, 25
7875893.exe , 16.261383056640625000, 12.970077514648437500, 0.268508911132812500,  ,  787, 754, 33
7875893.exe , 16.352844238281250000, 13.018554687500000000, 0.272064208984375000,  ,  795, 742, 53
7875893.exe , 16.042572021484375000, 12.661926269531250000, 0.275695800781250000,  ,  807, 773, 33
7875893.exe , 16.230499267578125000, 12.910583496093750000, 0.270492553710937500,  ,  793, 747, 44
7875893.exe , 16.132873535156250000, 12.836685180664062500, 0.269638061523437500,  ,  790, 750, 40
7875893.exe , 16.181076049804687500, 12.853332519531250000, 0.273162841796875000,  ,  798, 726, 73
7875893.exe , 16.282958984375000000, 12.925811767578125000, 0.274017333984375000,  ,  801, 768, 33
7875893.exe , 16.207687377929687500, 12.810745239257812500, 0.278060913085937500,  ,  813, 771, 41
7954751.exe , 16.959564208984375000, 13.407363891601562500, 0.290481567382812500,  ,  853, 795, 56
7954751.exe , 17.395401000976562500, 13.779281616210937500, 0.293441772460937500,  ,  860, 799, 60
7954751.exe , 17.163986206054687500, 13.613494873046875000, 0.289352416992187500,  ,  848, 804, 44
7954751.exe , 17.128952026367187500, 13.596557617187500000, 0.287933349609375000,  ,  842, 774, 68
7954751.exe , 17.185134887695312500, 13.629058837890625000, 0.290618896484375000,  ,  852, 797, 53
7954751.exe , 17.015350341796875000, 13.377029418945312500, 0.295608520507812500,  ,  865, 800, 64
7954751.exe , 16.916915893554687500, 13.333648681640625000, 0.293106079101562500,  ,  859, 792, 65
7954751.exe , 17.031356811523437500, 13.479370117187500000, 0.288269042968750000,  ,  844, 779, 64
7954751.exe , 17.238098144531250000, 13.646881103515625000, 0.293624877929687500,  ,  862, 803, 56
7954751.exe , 17.109115600585937500, 13.595336914062500000, 0.286834716796875000,  ,  840, 797, 41
8177882.exe , 18.794021606445312500, 15.094848632812500000, 0.301818847656250000,  ,  885, 843, 44
8177882.exe , 18.828247070312500000, 14.954467773437500000, 0.313934326171875000,  ,  919, 873, 44
8177882.exe , 18.897079467773437500, 15.137237548828125000, 0.307067871093750000,  ,  898, 858, 41
8177882.exe , 18.819427490234375000, 15.004577636718750000, 0.309326171875000000,  ,  907, 882, 25
8177882.exe , 18.799987792968750000, 15.049789428710937500, 0.305526733398437500,  ,  895, 862, 32
8177882.exe , 18.655349731445312500, 14.885971069335937500, 0.308517456054687500,  ,  903, 841, 61
8177882.exe , 18.777496337890625000, 14.943817138671875000, 0.310592651367187500,  ,  911, 878, 32
8177882.exe , 18.830978393554687500, 15.106765747070312500, 0.304321289062500000,  ,  891, 846, 43
8177882.exe , 18.963043212890625000, 15.121627807617187500, 0.310455322265625000,  ,  910, 868, 40
8177882.exe , 18.822387695312500000, 15.066238403320312500, 0.306930541992187500,  ,  899, 855, 44
8190404.exe , 26.142898559570312500, 20.896209716796875000, 0.427383422851562500,  ,  1254, 1062, 192
8190404.exe , 26.027435302734375000, 20.883071899414062500, 0.422531127929687500,  ,  1240, 1033, 206
8190404.exe , 26.291793823242187500, 21.084869384765625000, 0.427520751953125000,  ,  1256, 1038, 218
8190404.exe , 26.039352416992187500, 20.858093261718750000, 0.425811767578125000,  ,  1250, 1055, 192
8190404.exe , 26.259231567382812500, 21.063964843750000000, 0.426742553710937500,  ,  1252, 1003, 249
8190404.exe , 26.371505737304687500, 21.086608886718750000, 0.429092407226562500,  ,  1260, 997, 261
8190404.exe , 26.262390136718750000, 21.057510375976562500, 0.426910400390625000,  ,  1255, 1054, 200
8190404.exe , 26.244598388671875000, 21.126968383789062500, 0.420837402343750000,  ,  1235, 982, 253
8190404.exe , 26.307144165039062500, 21.127655029296875000, 0.425430297851562500,  ,  1249, 1023, 229
8190404.exe , 26.057952880859375000, 20.864059448242187500, 0.425460815429687500,  ,  1248, 1019, 230
8224401.exe , 30.816360473632812500, 24.747909545898437500, 0.498214721679687500,  ,  1461, 1126, 336
8224401.exe , 30.628280639648437500, 24.505691528320312500, 0.502029418945312500,  ,  1475, 1131, 345
8224401.exe , 30.735855102539062500, 24.634948730468750000, 0.496780395507812500,  ,  1460, 1199, 259
8224401.exe , 30.891586303710937500, 24.765106201171875000, 0.502990722656250000,  ,  1476, 1141, 336
8224401.exe , 30.847915649414062500, 24.731246948242187500, 0.497055053710937500,  ,  1460, 1179, 280
8224401.exe , 30.886291503906250000, 24.826843261718750000, 0.498031616210937500,  ,  1461, 1136, 326
8224401.exe , 30.944335937500000000, 24.894851684570312500, 0.497863769531250000,  ,  1462, 1179, 282
8224401.exe , 30.667648315429687500, 24.639877319335937500, 0.494186401367187500,  ,  1451, 1122, 330
8224401.exe , 30.767684936523437500, 24.675552368164062500, 0.497940063476562500,  ,  1461, 1189, 272
8224401.exe , 30.713516235351562500, 24.667755126953125000, 0.496093750000000000,  ,  1456, 1186, 270
8269776.exe , 43.866073608398437500, 35.454544067382812500, 0.689422607421875000,  ,  2028, 1745, 282
8269776.exe , 44.179611206054687500, 35.738632202148437500, 0.693954467773437500,  ,  2039, 1811, 229
8269776.exe , 44.013916015625000000, 35.503082275390625000, 0.701019287109375000,  ,  2058, 1704, 354
8269776.exe , 43.477188110351562500, 35.141601562500000000, 0.687423706054687500,  ,  2021, 1702, 319
8269776.exe , 43.910629272460937500, 35.482315063476562500, 0.690658569335937500,  ,  2031, 1723, 307
8269776.exe , 44.017883300781250000, 35.462432861328125000, 0.696945190429687500,  ,  2049, 1722, 328
8269776.exe , 44.047973632812500000, 35.577880859375000000, 0.697616577148437500,  ,  2050, 1686, 365
8269776.exe , 44.881011962890625000, 36.301757812500000000, 0.705505371093750000,  ,  2075, 1767, 307
8269776.exe , 44.247695922851562500, 35.748458862304687500, 0.694702148437500000,  ,  2041, 1780, 260
8269776.exe , 43.866149902343750000, 35.397384643554687500, 0.690628051757812500,  ,  2029, 1794, 236
8300854.exe , 44.943405151367187500, 36.250152587890625000, 0.706329345703125000,  ,  2077, 1708, 369
8300854.exe , 44.470687866210937500, 35.938888549804687500, 0.700164794921875000,  ,  2059, 1701, 357
8300854.exe , 44.532119750976562500, 35.959533691406250000, 0.706024169921875000,  ,  2077, 1757, 320
8300854.exe , 45.195846557617187500, 36.499755859375000000, 0.707794189453125000,  ,  2080, 1740, 339
8300854.exe , 44.754745483398437500, 36.202529907226562500, 0.702743530273437500,  ,  2065, 1692, 373
8300854.exe , 44.508514404296875000, 35.980987548828125000, 0.702056884765625000,  ,  2064, 1775, 289
8300854.exe , 44.268234252929687500, 35.758316040039062500, 0.699356079101562500,  ,  2057, 1760, 297
8300854.exe , 44.679428100585937500, 36.157348632812500000, 0.701950073242187500,  ,  2061, 1723, 338
8300854.exe , 44.370468139648437500, 35.882644653320312500, 0.698410034179687500,  ,  2055, 1737, 318
8300854.exe , 44.213470458984375000, 35.703659057617187500, 0.698989868164062500,  ,  2055, 1722, 333
8346271.exe , 16.659362792968750000, 13.257263183593750000, 0.276748657226562500,  ,  812, 765, 46
8346271.exe , 16.506271362304687500, 13.075073242187500000, 0.281158447265625000,  ,  824, 794, 28
8346271.exe , 16.436126708984375000, 12.996673583984375000, 0.280960083007812500,  ,  822, 768, 53
8346271.exe , 16.788909912109375000, 13.353240966796875000, 0.279647827148437500,  ,  817, 752, 67
8346271.exe , 16.563842773437500000, 13.135391235351562500, 0.279617309570312500,  ,  818, 761, 55
8346271.exe , 16.395584106445312500, 12.936721801757812500, 0.282073974609375000,  ,  826, 769, 56
8346271.exe , 16.271224975585937500, 12.889633178710937500, 0.276016235351562500,  ,  809, 764, 45
8346271.exe , 16.778900146484375000, 13.373687744140625000, 0.275985717773437500,  ,  808, 776, 33
8346271.exe , 16.380676269531250000, 12.990081787109375000, 0.276519775390625000,  ,  809, 744, 66
8346271.exe , 16.623550415039062500, 13.261856079101562500, 0.273056030273437500,  ,  799, 757, 40
8380396.exe , 20.459671020507812500, 16.365020751953125000, 0.332962036132812500,  ,  976, 915, 60
8380396.exe , 20.289169311523437500, 16.168502807617187500, 0.336563110351562500,  ,  988, 945, 41
8380396.exe , 20.145401000976562500, 16.035232543945312500, 0.336486816406250000,  ,  986, 949, 40
8380396.exe , 20.384643554687500000, 16.303588867187500000, 0.331924438476562500,  ,  971, 929, 44
8380396.exe , 20.228958129882812500, 16.129104614257812500, 0.335113525390625000,  ,  982, 948, 32
8380396.exe , 20.341857910156250000, 16.286941528320312500, 0.331832885742187500,  ,  972, 938, 32
8380396.exe , 20.153182983398437500, 16.057189941406250000, 0.335021972656250000,  ,  984, 934, 48
8380396.exe , 20.085983276367187500, 15.993743896484375000, 0.334915161132812500,  ,  981, 925, 56
8380396.exe , 20.226730346679687500, 16.136108398437500000, 0.333908081054687500,  ,  980, 953, 28
8380396.exe , 20.130538940429687500, 16.054290771484375000, 0.333175659179687500,  ,  978, 949, 29
8407108.exe , 30.415817260742187500, 24.318954467773437500, 0.498153686523437500,  ,  1464, 1197, 267
8407108.exe , 30.998489379882812500, 24.777206420898437500, 0.503662109375000000,  ,  1480, 1177, 304
8407108.exe , 31.003036499023437500, 24.819610595703125000, 0.503036499023437500,  ,  1477, 1141, 334
8407108.exe , 31.063705444335937500, 24.908203125000000000, 0.505386352539062500,  ,  1484, 1171, 314
8407108.exe , 31.010772705078125000, 24.799667358398437500, 0.505157470703125000,  ,  1484, 1206, 280
8407108.exe , 30.728164672851562500, 24.649200439453125000, 0.497558593750000000,  ,  1461, 1172, 291
8407108.exe , 30.817108154296875000, 24.667327880859375000, 0.500396728515625000,  ,  1470, 1120, 350
8407108.exe , 30.623565673828125000, 24.534820556640625000, 0.499465942382812500,  ,  1467, 1155, 311
8407108.exe , 30.706726074218750000, 24.589752197265625000, 0.501922607421875000,  ,  1475, 1135, 340
8407108.exe , 30.944442749023437500, 24.966796875000000000, 0.492767333984375000,  ,  1447, 1185, 264
8459541.exe , 29.865386962890625000, 24.017593383789062500, 0.475387573242187500,  ,  1395, 1371, 24
8459541.exe , 29.768753051757812500, 23.992172241210937500, 0.473892211914062500,  ,  1392, 1363, 28
8459541.exe , 29.724319458007812500, 23.983581542968750000, 0.470336914062500000,  ,  1381, 1330, 48
8459541.exe , 29.800704956054687500, 23.961257934570312500, 0.479476928710937500,  ,  1406, 1350, 56
8459541.exe , 29.649658203125000000, 23.890396118164062500, 0.473663330078125000,  ,  1390, 1325, 65
8459541.exe , 29.724090576171875000, 23.983734130859375000, 0.472198486328125000,  ,  1385, 1349, 36
8459541.exe , 29.652008056640625000, 23.843887329101562500, 0.477142333984375000,  ,  1399, 1335, 63
8459541.exe , 29.974441528320312500, 24.226043701171875000, 0.469268798828125000,  ,  1379, 1343, 36
8459541.exe , 29.654663085937500000, 23.873901367187500000, 0.473312377929687500,  ,  1389, 1343, 45
8459541.exe , 29.546783447265625000, 23.782501220703125000, 0.473510742187500000,  ,  1391, 1336, 52
8492597.exe , 44.331405639648437500, 35.736877441406250000, 0.699737548828125000,  ,  2057, 1720, 338
8492597.exe , 44.170837402343750000, 35.660339355468750000, 0.700729370117187500,  ,  2060, 1720, 340
8492597.exe , 43.971984863281250000, 35.479614257812500000, 0.692901611328125000,  ,  2038, 1733, 302
8492597.exe , 44.460220336914062500, 35.850708007812500000, 0.700424194335937500,  ,  2059, 1741, 318
8492597.exe , 44.322540283203125000, 35.775970458984375000, 0.696640014648437500,  ,  2046, 1761, 287
8492597.exe , 44.294906616210937500, 35.709808349609375000, 0.698944091796875000,  ,  2055, 1739, 315
8492597.exe , 43.889892578125000000, 35.457199096679687500, 0.694854736328125000,  ,  2043, 1746, 296
8492597.exe , 43.958587646484375000, 35.569137573242187500, 0.692291259765625000,  ,  2034, 1673, 362
8492597.exe , 44.596755981445312500, 35.916732788085937500, 0.705993652343750000,  ,  2075, 1779, 296
8492597.exe , 44.133285522460937500, 35.588729858398437500, 0.696304321289062500,  ,  2045, 1739, 306
8545589.exe , 30.954193115234375000, 24.896743774414062500, 0.496444702148437500,  ,  1459, 1119, 339
8545589.exe , 31.108993530273437500, 25.021896362304687500, 0.494338989257812500,  ,  1454, 1138, 315
8545589.exe , 31.122863769531250000, 24.934799194335937500, 0.507446289062500000,  ,  1491, 1124, 367
8545589.exe , 30.850830078125000000, 24.702362060546875000, 0.501113891601562500,  ,  1473, 1145, 327
8545589.exe , 30.731079101562500000, 24.650878906250000000, 0.499526977539062500,  ,  1466, 1119, 347
8545589.exe , 31.142196655273437500, 24.981628417968750000, 0.500900268554687500,  ,  1471, 1153, 319
8545589.exe , 30.987213134765625000, 24.931793212890625000, 0.496261596679687500,  ,  1458, 1134, 322
8545589.exe , 30.580245971679687500, 24.429595947265625000, 0.500228881835937500,  ,  1468, 1133, 338
8545589.exe , 30.765563964843750000, 24.726593017578125000, 0.495697021484375000,  ,  1455, 1138, 317
8545589.exe , 31.041366577148437500, 24.921920776367187500, 0.498535156250000000,  ,  1464, 1125, 339
8546342.exe , 16.436950683593750000, 13.034057617187500000, 0.277252197265625000,  ,  811, 762, 50
8546342.exe , 16.336868286132812500, 12.949859619140625000, 0.277343750000000000,  ,  812, 747, 65
8546342.exe , 16.528060913085937500, 13.133712768554687500, 0.276123046875000000,  ,  810, 759, 48
8546342.exe , 16.217742919921875000, 12.810562133789062500, 0.278701782226562500,  ,  816, 764, 54
8546342.exe , 16.629653930664062500, 13.230789184570312500, 0.276092529296875000,  ,  810, 754, 53
8546342.exe , 16.318649291992187500, 12.951751708984375000, 0.275329589843750000,  ,  807, 739, 68
8546342.exe , 16.460769653320312500, 13.039367675781250000, 0.277496337890625000,  ,  814, 782, 32
8546342.exe , 16.270263671875000000, 12.861373901367187500, 0.278808593750000000,  ,  817, 789, 28
8546342.exe , 16.468795776367187500, 13.116073608398437500, 0.274581909179687500,  ,  805, 754, 52
8546342.exe , 16.379302978515625000, 13.015853881835937500, 0.274887084960937500,  ,  805, 779, 25
8634018.exe , 16.412490844726562500, 13.073959350585937500, 0.272308349609375000,  ,  798, 738, 59
8634018.exe , 16.172302246093750000, 12.797378540039062500, 0.276153564453125000,  ,  808, 772, 35
8634018.exe , 16.092102050781250000, 12.759002685546875000, 0.272842407226562500,  ,  800, 762, 36
8634018.exe , 16.269241333007812500, 12.944931030273437500, 0.269866943359375000,  ,  789, 745, 44
8634018.exe , 16.125122070312500000, 12.806121826171875000, 0.271606445312500000,  ,  797, 750, 44
8634018.exe , 16.426467895507812500, 13.112197875976562500, 0.271270751953125000,  ,  794, 743, 52
8634018.exe , 16.085189819335937500, 12.756668090820312500, 0.272293090820312500,  ,  798, 745, 51
8634018.exe , 16.238952636718750000, 12.823638916015625000, 0.277526855468750000,  ,  811, 758, 52
8634018.exe , 16.053146362304687500, 12.698379516601562500, 0.276306152343750000,  ,  809, 769, 40
8634018.exe , 16.306701660156250000, 12.965530395507812500, 0.273590087890625000,  ,  801, 783, 17
8693929.exe , 44.735534667968750000, 36.130798339843750000, 0.699478149414062500,  ,  2056, 1741, 315
8693929.exe , 43.937774658203125000, 35.457153320312500000, 0.693435668945312500,  ,  2039, 1727, 313
8693929.exe , 44.583190917968750000, 36.037765502929687500, 0.698837280273437500,  ,  2054, 1759, 296
8693929.exe , 44.910003662109375000, 36.235107421875000000, 0.707778930664062500,  ,  2079, 1714, 367
8693929.exe , 44.032592773437500000, 35.526550292968750000, 0.700607299804687500,  ,  2058, 1793, 265
8693929.exe , 44.570037841796875000, 36.083450317382812500, 0.697433471679687500,  ,  2051, 1739, 312
8693929.exe , 44.093856811523437500, 35.596664428710937500, 0.699920654296875000,  ,  2059, 1735, 323
8693929.exe , 45.186477661132812500, 36.510360717773437500, 0.706405639648437500,  ,  2077, 1761, 314
8693929.exe , 44.118774414062500000, 35.645767211914062500, 0.696884155273437500,  ,  2052, 1752, 300
8693929.exe , 44.411911010742187500, 35.925247192382812500, 0.699142456054687500,  ,  2057, 1746, 311
8739063.exe , 16.910186767578125000, 13.447631835937500000, 0.282485961914062500,  ,  828, 773, 56
8739063.exe , 16.705703735351562500, 13.259368896484375000, 0.282485961914062500,  ,  828, 804, 24
8739063.exe , 16.897918701171875000, 13.333053588867187500, 0.289352416992187500,  ,  847, 806, 42
8739063.exe , 17.068298339843750000, 13.623184204101562500, 0.278335571289062500,  ,  815, 762, 52
8739063.exe , 16.838134765625000000, 13.410339355468750000, 0.280410766601562500,  ,  819, 796, 24
8739063.exe , 17.019454956054687500, 13.544265747070312500, 0.282455444335937500,  ,  827, 798, 29
8739063.exe , 16.760360717773437500, 13.295333862304687500, 0.283813476562500000,  ,  831, 782, 48
8739063.exe , 16.873489379882812500, 13.362136840820312500, 0.284805297851562500,  ,  835, 775, 60
8739063.exe , 16.815734863281250000, 13.399047851562500000, 0.279388427734375000,  ,  819, 778, 41
8739063.exe , 16.870956420898437500, 13.444473266601562500, 0.280181884765625000,  ,  820, 799, 21
879858.exe , 30.953155517578125000, 24.776809692382812500, 0.503936767578125000,  ,  1479, 1150, 329
879858.exe , 30.746932983398437500, 24.694198608398437500, 0.498443603515625000,  ,  1462, 1138, 327
879858.exe , 30.743087768554687500, 24.653320312500000000, 0.501876831054687500,  ,  1475, 1168, 306
879858.exe , 30.695556640625000000, 24.547012329101562500, 0.504653930664062500,  ,  1484, 1146, 337
879858.exe , 31.271743774414062500, 25.043655395507812500, 0.509872436523437500,  ,  1496, 1169, 328
879858.exe , 30.596862792968750000, 24.541107177734375000, 0.497924804687500000,  ,  1462, 1086, 376
879858.exe , 31.105880737304687500, 24.890365600585937500, 0.507141113281250000,  ,  1488, 1108, 380
879858.exe , 31.115142822265625000, 24.959152221679687500, 0.503402709960937500,  ,  1476, 1147, 331
879858.exe , 30.965026855468750000, 24.874984741210937500, 0.500091552734375000,  ,  1469, 1193, 275
879858.exe , 30.821044921875000000, 24.808105468750000000, 0.495071411132812500,  ,  1456, 1160, 295
