1097695.exe , 35.304489135742187500, 28.667022705078125000, 0.565887451171875000,  ,  1659, 1437, 217
1097695.exe , 35.415161132812500000, 28.780014038085937500, 0.566421508789062500,  ,  1662, 1392, 269
1097695.exe , 36.203231811523437500, 29.509796142578125000, 0.567489624023437500,  ,  1665, 1448, 219
1097695.exe , 35.307678222656250000, 28.546493530273437500, 0.572967529296875000,  ,  1681, 1443, 239
1097695.exe , 35.386810302734375000, 28.660598754882812500, 0.571197509765625000,  ,  1678, 1366, 312
1097695.exe , 35.423171997070312500, 28.688537597656250000, 0.571166992187500000,  ,  1677, 1430, 247
1097695.exe , 37.255477905273437500, 30.425582885742187500, 0.571975708007812500,  ,  1677, 1429, 250
1097695.exe , 35.524658203125000000, 28.796096801757812500, 0.569458007812500000,  ,  1670, 1426, 248
1097695.exe , 35.476562500000000000, 28.766159057617187500, 0.567657470703125000,  ,  1666, 1414, 252
1097695.exe , 35.342330932617187500, 28.608184814453125000, 0.569747924804687500,  ,  1672, 1474, 199
1316078.exe , 34.973632812500000000, 28.640731811523437500, 0.532852172851562500,  ,  1563, 1546, 12
1316078.exe , 34.886947631835937500, 28.499969482421875000, 0.538436889648437500,  ,  1580, 1556, 24
1316078.exe , 34.826354980468750000, 28.427963256835937500, 0.538940429687500000,  ,  1582, 1563, 16
1316078.exe , 34.782592773437500000, 28.413360595703125000, 0.535415649414062500,  ,  1571, 1556, 16
1316078.exe , 34.997146606445312500, 28.645080566406250000, 0.535476684570312500,  ,  1570, 1540, 28
1316078.exe , 34.809631347656250000, 28.394088745117187500, 0.538818359375000000,  ,  1582, 1540, 40
1316078.exe , 35.048400878906250000, 28.692642211914062500, 0.536300659179687500,  ,  1572, 1544, 28
1316078.exe , 34.848541259765625000, 28.430480957031250000, 0.539367675781250000,  ,  1582, 1548, 32
1316078.exe , 34.726867675781250000, 28.395202636718750000, 0.533828735351562500,  ,  1566, 1535, 32
1316078.exe , 35.102722167968750000, 28.794158935546875000, 0.533050537109375000,  ,  1564, 1546, 16
1375143.exe , 65.456115722656250000, 53.394378662109375000, 1.014907836914062500,  ,  2984, 2561, 420
1375143.exe , 66.285552978515625000, 54.067794799804687500, 1.023086547851562500,  ,  3007, 2564, 442
1375143.exe , 65.773834228515625000, 53.700302124023437500, 1.016952514648437500,  ,  2986, 2604, 380
1375143.exe , 65.690597534179687500, 53.554016113281250000, 1.017120361328125000,  ,  2987, 2574, 415
1375143.exe , 65.822448730468750000, 53.714645385742187500, 1.021652221679687500,  ,  3000, 2559, 442
1375143.exe , 66.720504760742187500, 54.460861206054687500, 1.023574829101562500,  ,  3008, 2569, 437
1375143.exe , 65.870574951171875000, 53.712402343750000000, 1.020431518554687500,  ,  2998, 2539, 460
1375143.exe , 66.404067993164062500, 54.185806274414062500, 1.021881103515625000,  ,  3004, 2540, 462
1375143.exe , 66.212585449218750000, 54.120101928710937500, 1.018173217773437500,  ,  2989, 2481, 506
1375143.exe , 66.385192871093750000, 54.171920776367187500, 1.018814086914062500,  ,  2994, 2527, 467
1403565.exe , 34.879669189453125000, 28.506332397460937500, 0.536178588867187500,  ,  1574, 1538, 36
1403565.exe , 35.163177490234375000, 28.809829711914062500, 0.534805297851562500,  ,  1568, 1536, 32
1403565.exe , 35.149780273437500000, 28.801574707031250000, 0.534408569335937500,  ,  1567, 1552, 12
1403565.exe , 34.953842163085937500, 28.618576049804687500, 0.533432006835937500,  ,  1564, 1540, 24
1403565.exe , 34.833633422851562500, 28.462387084960937500, 0.536209106445312500,  ,  1572, 1536, 36
1403565.exe , 35.162475585937500000, 28.892303466796875000, 0.527786254882812500,  ,  1548, 1524, 20
1403565.exe , 35.201721191406250000, 28.883132934570312500, 0.530532836914062500,  ,  1558, 1534, 24
1403565.exe , 35.182846069335937500, 28.774047851562500000, 0.537384033203125000,  ,  1576, 1549, 24
1403565.exe , 34.864990234375000000, 28.509811401367187500, 0.534851074218750000,  ,  1569, 1538, 28
1403565.exe , 35.283737182617187500, 28.947448730468750000, 0.530761718750000000,  ,  1558, 1525, 28
1511347.exe , 49.983489990234375000, 40.782455444335937500, 0.768035888671875000,  ,  2258, 2002, 253
1511347.exe , 49.744491577148437500, 40.603927612304687500, 0.768096923828125000,  ,  2255, 2002, 252
1511347.exe , 49.857131958007812500, 40.812881469726562500, 0.762023925781250000,  ,  2235, 2054, 180
1511347.exe , 49.865249633789062500, 40.728439331054687500, 0.770202636718750000,  ,  2258, 2056, 201
1511347.exe , 49.813476562500000000, 40.767333984375000000, 0.763061523437500000,  ,  2239, 1989, 252
1511347.exe , 49.865173339843750000, 40.798751831054687500, 0.763717651367187500,  ,  2242, 2031, 211
1511347.exe , 50.012603759765625000, 40.744796752929687500, 0.771438598632812500,  ,  2266, 1991, 276
1511347.exe , 49.835815429687500000, 40.689453125000000000, 0.767761230468750000,  ,  2256, 1994, 260
1511347.exe , 49.902053833007812500, 40.839157104492187500, 0.762939453125000000,  ,  2239, 1989, 250
1511347.exe , 49.971878051757812500, 40.833419799804687500, 0.769180297851562500,  ,  2258, 2035, 224
1663963.exe , 34.054550170898437500, 27.975143432617187500, 0.510620117187500000,  ,  1498, 1481, 16
1663963.exe , 34.123550415039062500, 27.945602416992187500, 0.515945434570312500,  ,  1514, 1483, 32
1663963.exe , 34.092071533203125000, 27.924819946289062500, 0.513031005859375000,  ,  1504, 1470, 32
1663963.exe , 33.644775390625000000, 27.399215698242187500, 0.518722534179687500,  ,  1523, 1469, 52
1663963.exe , 33.784271240234375000, 27.637374877929687500, 0.514312744140625000,  ,  1509, 1477, 28
1663963.exe , 34.182540893554687500, 28.043151855468750000, 0.512237548828125000,  ,  1503, 1475, 24
1663963.exe , 33.733154296875000000, 27.496963500976562500, 0.518676757812500000,  ,  1521, 1483, 36
1663963.exe , 33.703659057617187500, 27.550552368164062500, 0.515838623046875000,  ,  1514, 1475, 36
1663963.exe , 33.918670654296875000, 27.707702636718750000, 0.518157958984375000,  ,  1520, 1480, 40
1663963.exe , 33.966842651367187500, 27.848617553710937500, 0.513610839843750000,  ,  1506, 1471, 32
1765531.exe , 35.106964111328125000, 28.720321655273437500, 0.535339355468750000,  ,  1571, 1543, 28
1765531.exe , 35.340896606445312500, 28.956314086914062500, 0.532470703125000000,  ,  1561, 1535, 24
1765531.exe , 35.127777099609375000, 28.682006835937500000, 0.536727905273437500,  ,  1575, 1547, 28
1765531.exe , 35.318862915039062500, 28.986297607421875000, 0.528427124023437500,  ,  1552, 1525, 24
1765531.exe , 35.043701171875000000, 28.698928833007812500, 0.532546997070312500,  ,  1564, 1542, 20
1765531.exe , 35.217666625976562500, 28.928985595703125000, 0.527648925781250000,  ,  1549, 1532, 16
1765531.exe , 35.338027954101562500, 28.926528930664062500, 0.535095214843750000,  ,  1570, 1538, 32
1765531.exe , 35.075469970703125000, 28.725204467773437500, 0.532974243164062500,  ,  1563, 1547, 16
1765531.exe , 35.445968627929687500, 29.072204589843750000, 0.532318115234375000,  ,  1563, 1531, 32
1765531.exe , 35.248733520507812500, 28.902297973632812500, 0.529510498046875000,  ,  1555, 1528, 24
1863351.exe , 33.538040161132812500, 27.381439208984375000, 0.513061523437500000,  ,  1507, 1499, 8
1863351.exe , 33.588485717773437500, 27.429382324218750000, 0.512222290039062500,  ,  1503, 1472, 28
1863351.exe , 33.754028320312500000, 27.624389648437500000, 0.511337280273437500,  ,  1500, 1461, 40
1863351.exe , 33.477279663085937500, 27.324874877929687500, 0.513107299804687500,  ,  1505, 1478, 28
1863351.exe , 33.727981567382812500, 27.604217529296875000, 0.509902954101562500,  ,  1497, 1473, 20
1863351.exe , 33.747421264648437500, 27.682418823242187500, 0.507034301757812500,  ,  1486, 1463, 24
1863351.exe , 33.785736083984375000, 27.666000366210937500, 0.508804321289062500,  ,  1492, 1474, 20
1863351.exe , 33.609664916992187500, 27.458740234375000000, 0.514007568359375000,  ,  1507, 1486, 20
1863351.exe , 33.511245727539062500, 27.403778076171875000, 0.508789062500000000,  ,  1494, 1480, 12
1863351.exe , 33.601043701171875000, 27.517166137695312500, 0.508605957031250000,  ,  1493, 1465, 28
1908480.exe , 202.627960205078125000, 163.559112548828125000, 3.236022949218750000,  ,  9530, 9493, 36
1908480.exe , 203.417678833007812500, 164.701644897460937500, 3.236557006835937500,  ,  9528, 9503, 24
1908480.exe , 206.080139160156250000, 167.355590820312500000, 3.236831665039062500,  ,  9527, 9503, 20
1908480.exe , 202.133010864257812500, 163.276077270507812500, 3.233016967773437500,  ,  9516, 9502, 12
1908480.exe , 202.162597656250000000, 163.288299560546875000, 3.236160278320312500,  ,  9526, 9498, 28
1908480.exe , 203.243484497070312500, 164.589462280273437500, 3.238067626953125000,  ,  9533, 9486, 44
1908480.exe , 202.692016601562500000, 163.661941528320312500, 3.232498168945312500,  ,  9519, 9479, 36
1908480.exe , 203.137603759765625000, 164.024124145507812500, 3.233154296875000000,  ,  9520, 9491, 28
1908480.exe , 202.870651245117187500, 164.110031127929687500, 3.231475830078125000,  ,  9515, 9483, 32
1908480.exe , 202.964263916015625000, 163.868576049804687500, 3.235214233398437500,  ,  9527, 9507, 20
2377312.exe , 85.299636840820312500, 69.873458862304687500, 1.283782958984375000,  ,  3777, 3770, 4
2377312.exe , 84.634902954101562500, 69.187866210937500000, 1.284942626953125000,  ,  3780, 3761, 16
2377312.exe , 85.054656982421875000, 69.531875610351562500, 1.286834716796875000,  ,  3782, 3765, 16
2377312.exe , 84.965270996093750000, 69.494567871093750000, 1.282241821289062500,  ,  3770, 3758, 12
2377312.exe , 85.146133422851562500, 69.642944335937500000, 1.285079956054687500,  ,  3781, 3762, 20
2377312.exe , 84.184783935546875000, 68.623535156250000000, 1.286117553710937500,  ,  3782, 3747, 32
2377312.exe , 85.142715454101562500, 69.630599975585937500, 1.282485961914062500,  ,  3775, 3759, 12
2377312.exe , 85.067550659179687500, 69.562362670898437500, 1.286773681640625000,  ,  3785, 3750, 32
2377312.exe , 83.938308715820312500, 68.608398437500000000, 1.281829833984375000,  ,  3770, 3743, 24
2377312.exe , 83.967056274414062500, 68.553970336914062500, 1.280303955078125000,  ,  3765, 3743, 20
2470367.exe , 40.302886962890625000, 32.677444458007812500, 0.637756347656250000,  ,  1873, 1851, 20
2470367.exe , 39.878707885742187500, 32.189178466796875000, 0.641601562500000000,  ,  1887, 1847, 36
2470367.exe , 40.315521240234375000, 32.584304809570312500, 0.639404296875000000,  ,  1876, 1848, 28
2470367.exe , 40.227767944335937500, 32.599288940429687500, 0.637023925781250000,  ,  1871, 1839, 32
2470367.exe , 40.262527465820312500, 32.525192260742187500, 0.641052246093750000,  ,  1884, 1848, 36
2470367.exe , 40.189712524414062500, 32.549362182617187500, 0.638305664062500000,  ,  1876, 1833, 40
2470367.exe , 40.439010620117187500, 32.738479614257812500, 0.637969970703125000,  ,  1874, 1847, 24
2470367.exe , 40.266952514648437500, 32.661010742187500000, 0.637420654296875000,  ,  1870, 1840, 32
2470367.exe , 40.489685058593750000, 32.720809936523437500, 0.643020629882812500,  ,  1890, 1859, 28
2470367.exe , 40.140365600585937500, 32.472488403320312500, 0.640090942382812500,  ,  1880, 1845, 33
248468.exe , 40.891387939453125000, 33.323455810546875000, 0.630538940429687500,  ,  1851, 1638, 212
248468.exe , 40.396438598632812500, 32.826339721679687500, 0.632125854492187500,  ,  1855, 1627, 231
248468.exe , 40.902313232421875000, 33.346328735351562500, 0.630294799804687500,  ,  1851, 1630, 221
248468.exe , 40.549194335937500000, 32.930175781250000000, 0.635360717773437500,  ,  1864, 1658, 207
248468.exe , 40.774215698242187500, 33.234695434570312500, 0.629989624023437500,  ,  1849, 1555, 293
248468.exe , 40.252319335937500000, 32.729293823242187500, 0.627059936523437500,  ,  1843, 1616, 225
248468.exe , 40.700805664062500000, 33.137451171875000000, 0.627761840820312500,  ,  1843, 1636, 206
248468.exe , 40.295501708984375000, 32.695373535156250000, 0.633377075195312500,  ,  1860, 1621, 239
248468.exe , 40.520843505859375000, 32.898132324218750000, 0.636581420898437500,  ,  1867, 1665, 202
248468.exe , 40.671066284179687500, 33.056106567382812500, 0.634933471679687500,  ,  1865, 1643, 221
248562.exe , 61.794387817382812500, 50.512130737304687500, 0.941757202148437500,  ,  2767, 2539, 226
248562.exe , 62.444046020507812500, 50.991912841796875000, 0.943054199218750000,  ,  2771, 2570, 200
248562.exe , 62.215026855468750000, 50.875854492187500000, 0.941558837890625000,  ,  2767, 2495, 272
248562.exe , 62.258193969726562500, 50.894195556640625000, 0.946411132812500000,  ,  2781, 2546, 234
248562.exe , 61.533279418945312500, 50.270294189453125000, 0.938262939453125000,  ,  2759, 2548, 209
248562.exe , 61.826400756835937500, 50.500122070312500000, 0.945571899414062500,  ,  2781, 2570, 210
248562.exe , 62.026840209960937500, 50.514770507812500000, 0.947021484375000000,  ,  2783, 2564, 216
248562.exe , 62.300964355468750000, 50.802337646484375000, 0.945358276367187500,  ,  2778, 2568, 208
248562.exe , 62.400939941406250000, 50.936660766601562500, 0.943359375000000000,  ,  2773, 2563, 210
248562.exe , 62.060241699218750000, 50.727645874023437500, 0.943572998046875000,  ,  2772, 2572, 200
250468.exe , 35.440429687500000000, 29.097000122070312500, 0.527236938476562500,  ,  1548, 1522, 24
250468.exe , 35.223464965820312500, 28.841430664062500000, 0.529525756835937500,  ,  1552, 1540, 12
250468.exe , 35.043533325195312500, 28.608810424804687500, 0.535400390625000000,  ,  1573, 1545, 28
250468.exe , 35.219116210937500000, 28.824371337890625000, 0.531402587890625000,  ,  1558, 1525, 32
250468.exe , 35.244934082031250000, 28.822586059570312500, 0.534500122070312500,  ,  1571, 1543, 28
250468.exe , 35.070770263671875000, 28.626602172851562500, 0.534957885742187500,  ,  1571, 1551, 20
250468.exe , 35.340118408203125000, 28.870346069335937500, 0.533203125000000000,  ,  1564, 1541, 20
250468.exe , 35.175796508789062500, 28.750717163085937500, 0.533645629882812500,  ,  1566, 1523, 40
250468.exe , 35.045242309570312500, 28.598022460937500000, 0.535476684570312500,  ,  1572, 1546, 25
250468.exe , 35.128768920898437500, 28.719055175781250000, 0.533355712890625000,  ,  1564, 1555, 8
2552614.exe , 34.016891479492187500, 27.852752685546875000, 0.509567260742187500,  ,  1496, 1480, 16
2552614.exe , 33.692474365234375000, 27.609069824218750000, 0.506805419921875000,  ,  1487, 1466, 20
2552614.exe , 33.867828369140625000, 27.809585571289062500, 0.504272460937500000,  ,  1480, 1457, 20
2552614.exe , 33.808929443359375000, 27.701477050781250000, 0.508529663085937500,  ,  1492, 1471, 20
2552614.exe , 33.781158447265625000, 27.629791259765625000, 0.511245727539062500,  ,  1499, 1472, 28
2552614.exe , 33.748428344726562500, 27.589157104492187500, 0.512924194335937500,  ,  1504, 1492, 12
2552614.exe , 33.871261596679687500, 27.787322998046875000, 0.505126953125000000,  ,  1482, 1461, 20
2552614.exe , 33.794021606445312500, 27.622680664062500000, 0.509948730468750000,  ,  1498, 1466, 32
2552614.exe , 33.624450683593750000, 27.464004516601562500, 0.511215209960937500,  ,  1500, 1475, 24
2552614.exe , 33.696990966796875000, 27.548614501953125000, 0.510360717773437500,  ,  1498, 1465, 32
2681777.exe , 36.036621093750000000, 29.375228881835937500, 0.547729492187500000,  ,  1608, 1579, 28
2681777.exe , 35.897155761718750000, 29.261337280273437500, 0.549636840820312500,  ,  1614, 1579, 32
2681777.exe , 36.142623901367187500, 29.476348876953125000, 0.548843383789062500,  ,  1610, 1590, 20
2681777.exe , 35.860366821289062500, 29.236694335937500000, 0.549133300781250000,  ,  1612, 1582, 28
2681777.exe , 35.935043334960937500, 29.251815795898437500, 0.549652099609375000,  ,  1614, 1570, 44
2681777.exe , 36.120956420898437500, 29.445938110351562500, 0.553146362304687500,  ,  1623, 1575, 44
2681777.exe , 35.880737304687500000, 29.274276733398437500, 0.550384521484375000,  ,  1614, 1575, 36
2681777.exe , 36.168045043945312500, 29.550872802734375000, 0.545120239257812500,  ,  1600, 1562, 36
2681777.exe , 35.826538085937500000, 29.223617553710937500, 0.549514770507812500,  ,  1613, 1581, 32
2681777.exe , 36.006393432617187500, 29.367462158203125000, 0.549072265625000000,  ,  1613, 1573, 40
2757092.exe , 48.622253417968750000, 39.567062377929687500, 0.754516601562500000,  ,  2218, 2010, 208
2757092.exe , 48.807250976562500000, 39.675628662109375000, 0.750366210937500000,  ,  2204, 2024, 180
2757092.exe , 48.528289794921875000, 39.392852783203125000, 0.750564575195312500,  ,  2205, 2003, 201
2757092.exe , 48.901947021484375000, 39.779006958007812500, 0.753112792968750000,  ,  2211, 1940, 268
2757092.exe , 48.781051635742187500, 39.714233398437500000, 0.748809814453125000,  ,  2199, 1964, 236
2757092.exe , 49.868850708007812500, 40.682830810546875000, 0.756805419921875000,  ,  2224, 1962, 261
2757092.exe , 48.761199951171875000, 39.768646240234375000, 0.749740600585937500,  ,  2202, 2023, 180
2757092.exe , 49.145919799804687500, 39.991043090820312500, 0.749481201171875000,  ,  2203, 2035, 166
2757092.exe , 48.704269409179687500, 39.588150024414062500, 0.752792358398437500,  ,  2210, 1972, 235
2757092.exe , 48.654129028320312500, 39.492187500000000000, 0.752716064453125000,  ,  2213, 2003, 208
2796766.exe , 34.077163696289062500, 27.859329223632812500, 0.517044067382812500,  ,  1518, 1491, 24
2796766.exe , 34.121627807617187500, 27.827239990234375000, 0.517562866210937500,  ,  1520, 1495, 24
2796766.exe , 34.425994873046875000, 28.178054809570312500, 0.512619018554687500,  ,  1503, 1478, 24
2796766.exe , 34.249725341796875000, 27.928527832031250000, 0.519439697265625000,  ,  1523, 1483, 40
2796766.exe , 34.268981933593750000, 27.980209350585937500, 0.515029907226562500,  ,  1512, 1473, 36
2796766.exe , 34.260452270507812500, 27.965957641601562500, 0.517684936523437500,  ,  1520, 1480, 40
2796766.exe , 34.192367553710937500, 28.030395507812500000, 0.511428833007812500,  ,  1501, 1461, 40
2796766.exe , 34.417465209960937500, 28.142761230468750000, 0.515914916992187500,  ,  1513, 1485, 28
2796766.exe , 34.356674194335937500, 28.238754272460937500, 0.509063720703125000,  ,  1493, 1469, 24
2796766.exe , 34.199996948242187500, 27.916717529296875000, 0.517013549804687500,  ,  1519, 1489, 28
2982528.exe , 47.398193359375000000, 38.575592041015625000, 0.725753784179687500,  ,  2135, 1914, 217
2982528.exe , 47.286575317382812500, 38.439666748046875000, 0.732391357421875000,  ,  2151, 1904, 248
2982528.exe , 47.239135742187500000, 38.378448486328125000, 0.730072021484375000,  ,  2146, 1902, 244
2982528.exe , 46.947128295898437500, 38.223831176757812500, 0.725936889648437500,  ,  2135, 1887, 248
2982528.exe , 46.841644287109375000, 38.076095581054687500, 0.729141235351562500,  ,  2141, 1882, 258
2982528.exe , 47.085723876953125000, 38.198791503906250000, 0.731903076171875000,  ,  2148, 1927, 221
2982528.exe , 46.852615356445312500, 38.111297607421875000, 0.728042602539062500,  ,  2140, 1946, 196
2982528.exe , 47.406631469726562500, 38.657577514648437500, 0.718841552734375000,  ,  2113, 1893, 217
2982528.exe , 46.861618041992187500, 38.085952758789062500, 0.730270385742187500,  ,  2143, 1933, 210
2982528.exe , 47.152389526367187500, 38.313552856445312500, 0.728286743164062500,  ,  2141, 1868, 272
3162850.exe , 32.059280395507812500, 25.900344848632812500, 0.512405395507812500,  ,  1504, 1475, 28
3162850.exe , 32.014938354492187500, 25.799850463867187500, 0.513198852539062500,  ,  1506, 1480, 24
3162850.exe , 32.015335083007812500, 25.876907348632812500, 0.510208129882812500,  ,  1497, 1474, 20
3162850.exe , 32.293136596679687500, 26.110900878906250000, 0.508605957031250000,  ,  1492, 1462, 28
3162850.exe , 32.121658325195312500, 25.975158691406250000, 0.509506225585937500,  ,  1495, 1462, 32
3162850.exe , 32.169815063476562500, 26.098709106445312500, 0.505310058593750000,  ,  1483, 1458, 24
3162850.exe , 32.053649902343750000, 25.820617675781250000, 0.513809204101562500,  ,  1506, 1482, 24
3162850.exe , 32.026718139648437500, 25.829864501953125000, 0.509765625000000000,  ,  1496, 1479, 16
3162850.exe , 31.981872558593750000, 25.860168457031250000, 0.510025024414062500,  ,  1497, 1487, 12
3162850.exe , 32.084640502929687500, 25.853958129882812500, 0.514205932617187500,  ,  1508, 1477, 28
3564636.exe , 35.539123535156250000, 29.204788208007812500, 0.528244018554687500,  ,  1551, 1532, 16
3564636.exe , 35.711425781250000000, 29.296325683593750000, 0.527542114257812500,  ,  1550, 1525, 20
3564636.exe , 35.381866455078125000, 28.998947143554687500, 0.530166625976562500,  ,  1556, 1532, 24
3564636.exe , 35.578063964843750000, 29.162536621093750000, 0.530548095703125000,  ,  1555, 1536, 20
3564636.exe , 35.595458984375000000, 29.221420288085937500, 0.529647827148437500,  ,  1554, 1525, 28
3564636.exe , 35.774902343750000000, 29.394668579101562500, 0.527267456054687500,  ,  1546, 1532, 12
3564636.exe , 35.251266479492187500, 28.853347778320312500, 0.531173706054687500,  ,  1559, 1544, 16
3564636.exe , 35.731124877929687500, 29.457244873046875000, 0.521621704101562500,  ,  1530, 1512, 16
3564636.exe , 35.756179809570312500, 29.305145263671875000, 0.532073974609375000,  ,  1562, 1538, 24
3564636.exe , 35.371444702148437500, 28.927764892578125000, 0.533523559570312500,  ,  1565, 1542, 24
3574537.exe , 56.705398559570312500, 46.455291748046875000, 0.853683471679687500,  ,  2508, 2272, 237
3574537.exe , 57.196411132812500000, 46.822601318359375000, 0.857528686523437500,  ,  2521, 2265, 256
3574537.exe , 56.539108276367187500, 46.229156494140625000, 0.857284545898437500,  ,  2519, 2283, 237
3574537.exe , 57.654693603515625000, 47.301834106445312500, 0.855529785156250000,  ,  2514, 2268, 246
3574537.exe , 57.333084106445312500, 46.998229980468750000, 0.853088378906250000,  ,  2508, 2323, 181
3574537.exe , 56.722396850585937500, 46.424026489257812500, 0.855636596679687500,  ,  2517, 2304, 212
3574537.exe , 56.775863647460937500, 46.376785278320312500, 0.853134155273437500,  ,  2508, 2278, 230
3574537.exe , 56.692947387695312500, 46.357757568359375000, 0.856704711914062500,  ,  2519, 2263, 255
3574537.exe , 56.912094116210937500, 46.578231811523437500, 0.853469848632812500,  ,  2509, 2298, 211
3574537.exe , 57.297363281250000000, 46.789047241210937500, 0.859710693359375000,  ,  2526, 2294, 230
3634806.exe , 26.890869140625000000, 21.783508300781250000, 0.417633056640625000,  ,  1225, 1203, 20
3634806.exe , 26.720733642578125000, 21.696533203125000000, 0.416290283203125000,  ,  1222, 1201, 20
3634806.exe , 26.691177368164062500, 21.631546020507812500, 0.418762207031250000,  ,  1229, 1194, 36
3634806.exe , 26.785003662109375000, 21.777587890625000000, 0.415573120117187500,  ,  1220, 1216, 4
3634806.exe , 26.683288574218750000, 21.680374145507812500, 0.414978027343750000,  ,  1217, 1192, 24
3634806.exe , 26.577926635742187500, 21.529830932617187500, 0.418273925781250000,  ,  1227, 1195, 28
3634806.exe , 26.828140258789062500, 21.882583618164062500, 0.411926269531250000,  ,  1207, 1171, 36
3634806.exe , 26.746826171875000000, 21.727111816406250000, 0.416427612304687500,  ,  1223, 1194, 24
3634806.exe , 26.655929565429687500, 21.637496948242187500, 0.415512084960937500,  ,  1221, 1201, 20
3634806.exe , 26.587692260742187500, 21.535202026367187500, 0.418609619140625000,  ,  1228, 1200, 24
3648026.exe , 35.739791870117187500, 29.184204101562500000, 0.538146972656250000,  ,  1578, 1556, 24
3648026.exe , 35.573837280273437500, 29.003402709960937500, 0.538757324218750000,  ,  1582, 1562, 20
3648026.exe , 35.919296264648437500, 29.373962402343750000, 0.536071777343750000,  ,  1573, 1542, 28
3648026.exe , 36.004898071289062500, 29.514877319335937500, 0.529190063476562500,  ,  1552, 1523, 28
3648026.exe , 35.446929931640625000, 29.000732421875000000, 0.535629272460937500,  ,  1574, 1550, 20
3648026.exe , 35.722702026367187500, 29.174652099609375000, 0.536697387695312500,  ,  1577, 1553, 24
3648026.exe , 35.792785644531250000, 29.249221801757812500, 0.535980224609375000,  ,  1574, 1549, 20
3648026.exe , 35.683074951171875000, 29.162521362304687500, 0.533920288085937500,  ,  1568, 1548, 20
3648026.exe , 35.737304687500000000, 29.198837280273437500, 0.535644531250000000,  ,  1573, 1545, 28
3648026.exe , 35.547927856445312500, 29.029098510742187500, 0.536773681640625000,  ,  1575, 1549, 24
3660670.exe , 43.921401977539062500, 35.845214843750000000, 0.663482666015625000,  ,  1951, 1694, 256
3660670.exe , 43.995452880859375000, 35.888732910156250000, 0.668273925781250000,  ,  1962, 1707, 256
3660670.exe , 44.113555908203125000, 36.044448852539062500, 0.665710449218750000,  ,  1957, 1722, 236
3660670.exe , 43.888793945312500000, 35.822525024414062500, 0.665298461914062500,  ,  1957, 1735, 218
3660670.exe , 43.672256469726562500, 35.684173583984375000, 0.663146972656250000,  ,  1948, 1708, 240
3660670.exe , 44.000091552734375000, 35.874221801757812500, 0.669357299804687500,  ,  1967, 1732, 233
3660670.exe , 43.778747558593750000, 35.768615722656250000, 0.665802001953125000,  ,  1956, 1704, 251
3660670.exe , 43.809875488281250000, 35.718917846679687500, 0.668014526367187500,  ,  1962, 1721, 243
3660670.exe , 43.718353271484375000, 35.687377929687500000, 0.668975830078125000,  ,  1964, 1704, 260
3660670.exe , 44.034042358398437500, 36.005630493164062500, 0.662628173828125000,  ,  1948, 1759, 190
367930.exe , 46.442230224609375000, 38.002929687500000000, 0.695083618164062500,  ,  2041, 1808, 233
367930.exe , 46.338867187500000000, 37.932067871093750000, 0.696441650390625000,  ,  2047, 1793, 253
367930.exe , 46.416687011718750000, 38.013854980468750000, 0.697692871093750000,  ,  2051, 1860, 192
367930.exe , 46.611694335937500000, 38.187561035156250000, 0.696228027343750000,  ,  2044, 1816, 228
367930.exe , 46.314086914062500000, 37.946258544921875000, 0.696609497070312500,  ,  2048, 1821, 226
367930.exe , 46.366516113281250000, 38.054458618164062500, 0.692474365234375000,  ,  2034, 1819, 215
367930.exe , 46.269714355468750000, 37.787979125976562500, 0.698623657226562500,  ,  2051, 1848, 202
367930.exe , 46.058364868164062500, 37.612213134765625000, 0.697616577148437500,  ,  2049, 1845, 204
367930.exe , 46.586593627929687500, 38.273071289062500000, 0.691635131835937500,  ,  2033, 1824, 207
367930.exe , 46.273269653320312500, 37.769912719726562500, 0.700531005859375000,  ,  2056, 1798, 257
3770539.exe , 50.934921264648437500, 41.514068603515625000, 0.773834228515625000,  ,  2272, 2070, 205
3770539.exe , 50.795608520507812500, 41.310180664062500000, 0.781280517578125000,  ,  2296, 2109, 184
3770539.exe , 50.675933837890625000, 41.366287231445312500, 0.773086547851562500,  ,  2272, 2072, 200
3770539.exe , 50.393371582031250000, 41.086044311523437500, 0.773010253906250000,  ,  2271, 2097, 172
3770539.exe , 50.626724243164062500, 41.277832031250000000, 0.776290893554687500,  ,  2282, 2078, 202
3770539.exe , 50.619384765625000000, 41.135360717773437500, 0.777786254882812500,  ,  2285, 2103, 182
3770539.exe , 50.593276977539062500, 41.254730224609375000, 0.775161743164062500,  ,  2278, 2025, 253
3770539.exe , 50.491500854492187500, 41.146926879882812500, 0.776718139648437500,  ,  2283, 2039, 243
3770539.exe , 50.416213989257812500, 41.086914062500000000, 0.771270751953125000,  ,  2264, 2029, 238
3770539.exe , 50.419174194335937500, 41.136932373046875000, 0.772521972656250000,  ,  2270, 2040, 231
3801417.exe , 56.566452026367187500, 46.286361694335937500, 0.844665527343750000,  ,  2483, 2283, 200
3801417.exe , 56.344421386718750000, 46.074829101562500000, 0.847961425781250000,  ,  2493, 2258, 236
3801417.exe , 56.717071533203125000, 46.422286987304687500, 0.847229003906250000,  ,  2490, 2207, 281
3801417.exe , 56.508270263671875000, 46.283752441406250000, 0.850418090820312500,  ,  2499, 2284, 212
3801417.exe , 56.482269287109375000, 46.324707031250000000, 0.844375610351562500,  ,  2482, 2294, 188
3801417.exe , 56.445419311523437500, 46.285064697265625000, 0.844711303710937500,  ,  2481, 2261, 221
3801417.exe , 56.517761230468750000, 46.294845581054687500, 0.850067138671875000,  ,  2498, 2263, 236
3801417.exe , 56.464477539062500000, 46.279113769531250000, 0.845733642578125000,  ,  2488, 2230, 256
3801417.exe , 56.339721679687500000, 46.189956665039062500, 0.842864990234375000,  ,  2479, 2259, 216
3801417.exe , 56.275955200195312500, 46.141128540039062500, 0.842330932617187500,  ,  2475, 2227, 249
387622.exe , 46.998870849609375000, 38.422134399414062500, 0.704864501953125000,  ,  2067, 1773, 296
387622.exe , 46.945709228515625000, 38.305206298828125000, 0.707397460937500000,  ,  2077, 1778, 300
387622.exe , 46.680480957031250000, 38.187179565429687500, 0.701736450195312500,  ,  2061, 1770, 290
387622.exe , 47.153610229492187500, 38.545806884765625000, 0.705307006835937500,  ,  2069, 1748, 322
387622.exe , 47.022766113281250000, 38.376556396484375000, 0.706726074218750000,  ,  2075, 1786, 288
387622.exe , 47.129669189453125000, 38.608276367187500000, 0.703308105468750000,  ,  2067, 1784, 280
387622.exe , 47.160339355468750000, 38.715469360351562500, 0.699844360351562500,  ,  2057, 1741, 316
387622.exe , 47.111709594726562500, 38.506088256835937500, 0.704589843750000000,  ,  2069, 1815, 255
387622.exe , 47.321502685546875000, 38.734619140625000000, 0.701324462890625000,  ,  2059, 1833, 227
387622.exe , 46.870010375976562500, 38.330749511718750000, 0.706024169921875000,  ,  2075, 1793, 281
3886650.exe , 44.495498657226562500, 36.095413208007812500, 0.696258544921875000,  ,  2043, 1777, 268
3886650.exe , 44.932586669921875000, 36.396606445312500000, 0.699890136718750000,  ,  2054, 1823, 232
3886650.exe , 44.903396606445312500, 36.459503173828125000, 0.694610595703125000,  ,  2040, 1817, 224
3886650.exe , 44.689880371093750000, 36.231338500976562500, 0.693847656250000000,  ,  2037, 1836, 201
3886650.exe , 44.862579345703125000, 36.408599853515625000, 0.696166992187500000,  ,  2046, 1814, 232
3886650.exe , 44.691162109375000000, 36.215560913085937500, 0.695693969726562500,  ,  2045, 1763, 281
3886650.exe , 44.757476806640625000, 36.382888793945312500, 0.689636230468750000,  ,  2027, 1798, 225
3886650.exe , 44.997314453125000000, 36.581375122070312500, 0.688095092773437500,  ,  2023, 1760, 262
3886650.exe , 44.721588134765625000, 36.288055419921875000, 0.692687988281250000,  ,  2034, 1784, 251
3886650.exe , 44.730926513671875000, 36.325912475585937500, 0.693405151367187500,  ,  2034, 1757, 278
3963524.exe , 98.252838134765625000, 80.364898681640625000, 1.472427368164062500,  ,  4335, 2734, 1600
3963524.exe , 98.963714599609375000, 81.100082397460937500, 1.473617553710937500,  ,  4334, 2722, 1613
3963524.exe , 98.692016601562500000, 80.564880371093750000, 1.477798461914062500,  ,  4346, 2744, 1602
3963524.exe , 99.283981323242187500, 81.241638183593750000, 1.477310180664062500,  ,  4347, 2743, 1603
3963524.exe , 99.081558227539062500, 80.939117431640625000, 1.472579956054687500,  ,  4332, 2762, 1571
3963524.exe , 99.426986694335937500, 81.343368530273437500, 1.468460083007812500,  ,  4319, 2728, 1590
3963524.exe , 98.600433349609375000, 80.608657836914062500, 1.473464965820312500,  ,  4334, 2789, 1544
3963524.exe , 97.851242065429687500, 79.943908691406250000, 1.472808837890625000,  ,  4334, 2741, 1592
3963524.exe , 99.137527465820312500, 81.053375244140625000, 1.475784301757812500,  ,  4343, 2708, 1635
3963524.exe , 99.298492431640625000, 81.021987915039062500, 1.482513427734375000,  ,  4362, 2798, 1564
4025112.exe , 48.593917846679687500, 39.543807983398437500, 0.748321533203125000,  ,  2199, 1959, 240
4025112.exe , 48.826858520507812500, 39.754714965820312500, 0.744064331054687500,  ,  2186, 2027, 158
4025112.exe , 49.188293457031250000, 40.024047851562500000, 0.750640869140625000,  ,  2205, 1900, 307
4025112.exe , 48.699035644531250000, 39.627929687500000000, 0.744659423828125000,  ,  2187, 1924, 262
4025112.exe , 48.491760253906250000, 39.352096557617187500, 0.745086669921875000,  ,  2192, 1921, 270
4025112.exe , 48.492614746093750000, 39.508438110351562500, 0.741577148437500000,  ,  2179, 1931, 248
4025112.exe , 49.187881469726562500, 40.100601196289062500, 0.744140625000000000,  ,  2187, 1921, 265
4025112.exe , 48.999816894531250000, 39.907058715820312500, 0.746017456054687500,  ,  2192, 1952, 239
4025112.exe , 48.804382324218750000, 39.811264038085937500, 0.737792968750000000,  ,  2165, 1915, 252
4025112.exe , 49.258987426757812500, 40.172637939453125000, 0.749298095703125000,  ,  2201, 2015, 188
4031241.exe , 105.761138916015625000, 84.878204345703125000, 1.713119506835937500,  ,  5039, 5020, 16
4031241.exe , 105.202255249023437500, 84.544479370117187500, 1.710235595703125000,  ,  5035, 4997, 36
4031241.exe , 105.070007324218750000, 84.182998657226562500, 1.716842651367187500,  ,  5051, 5007, 44
4031241.exe , 105.137802124023437500, 84.289230346679687500, 1.713958740234375000,  ,  5043, 4997, 44
4031241.exe , 104.980316162109375000, 84.279434204101562500, 1.716110229492187500,  ,  5052, 5011, 36
4031241.exe , 105.105133056640625000, 84.252822875976562500, 1.711975097656250000,  ,  5039, 5006, 32
4031241.exe , 104.831451416015625000, 83.970428466796875000, 1.714813232421875000,  ,  5047, 5000, 44
4031241.exe , 105.002105712890625000, 84.191696166992187500, 1.712524414062500000,  ,  5042, 4997, 44
4031241.exe , 104.208633422851562500, 83.569335937500000000, 1.711593627929687500,  ,  5038, 4994, 44
4031241.exe , 104.892837524414062500, 84.251525878906250000, 1.716842651367187500,  ,  5052, 5014, 36
4082343.exe , 59.542678833007812500, 48.381378173828125000, 0.919692993164062500,  ,  2704, 2465, 236
4082343.exe , 59.490417480468750000, 48.329467773437500000, 0.918029785156250000,  ,  2697, 2519, 180
4082343.exe , 59.757904052734375000, 48.569808959960937500, 0.921524047851562500,  ,  2709, 2518, 189
4082343.exe , 59.273834228515625000, 48.145858764648437500, 0.923950195312500000,  ,  2717, 2498, 216
4082343.exe , 59.603729248046875000, 48.457305908203125000, 0.921447753906250000,  ,  2709, 2512, 197
4082343.exe , 59.420288085937500000, 48.137145996093750000, 0.922958374023437500,  ,  2715, 2513, 201
4082343.exe , 59.903533935546875000, 48.737442016601562500, 0.920654296875000000,  ,  2705, 2513, 193
4082343.exe , 59.455566406250000000, 48.328536987304687500, 0.922760009765625000,  ,  2712, 2504, 208
4082343.exe , 58.926467895507812500, 47.742324829101562500, 0.919906616210937500,  ,  2703, 2480, 220
4082343.exe , 58.789443969726562500, 47.740081787109375000, 0.916183471679687500,  ,  2695, 2481, 212
4096689.exe , 41.009262084960937500, 33.308547973632812500, 0.638290405273437500,  ,  1874, 1639, 235
4096689.exe , 40.842147827148437500, 33.126525878906250000, 0.634674072265625000,  ,  1865, 1655, 208
4096689.exe , 40.630630493164062500, 32.923248291015625000, 0.634902954101562500,  ,  1863, 1576, 289
4096689.exe , 40.919525146484375000, 33.330108642578125000, 0.631317138671875000,  ,  1854, 1579, 275
4096689.exe , 40.468643188476562500, 32.741058349609375000, 0.635101318359375000,  ,  1866, 1621, 244
4096689.exe , 40.949813842773437500, 33.189788818359375000, 0.639144897460937500,  ,  1877, 1674, 204
4096689.exe , 40.716964721679687500, 33.053909301757812500, 0.636627197265625000,  ,  1873, 1680, 190
4096689.exe , 40.881378173828125000, 33.153823852539062500, 0.636810302734375000,  ,  1869, 1654, 216
4096689.exe , 40.442123413085937500, 32.808334350585937500, 0.635696411132812500,  ,  1868, 1669, 200
4096689.exe , 41.002182006835937500, 33.185455322265625000, 0.641494750976562500,  ,  1884, 1689, 196
4333897.exe , 43.439331054687500000, 35.203552246093750000, 0.679550170898437500,  ,  1996, 1721, 275
4333897.exe , 43.346694946289062500, 35.193740844726562500, 0.677703857421875000,  ,  1991, 1791, 198
4333897.exe , 43.454208374023437500, 35.185913085937500000, 0.681442260742187500,  ,  2001, 1747, 256
4333897.exe , 43.387588500976562500, 35.249588012695312500, 0.677093505859375000,  ,  1986, 1758, 228
4333897.exe , 43.371612548828125000, 35.151199340820312500, 0.683364868164062500,  ,  2006, 1803, 201
4333897.exe , 43.140274047851562500, 34.864761352539062500, 0.681274414062500000,  ,  1998, 1771, 229
4333897.exe , 43.172653198242187500, 34.989425659179687500, 0.679351806640625000,  ,  1996, 1753, 241
4333897.exe , 43.201980590820312500, 35.056060791015625000, 0.678634643554687500,  ,  1992, 1745, 245
4333897.exe , 43.527908325195312500, 35.415557861328125000, 0.674636840820312500,  ,  1982, 1759, 222
4333897.exe , 43.496978759765625000, 35.249206542968750000, 0.679870605468750000,  ,  1998, 1748, 249
4409555.exe , 44.497253417968750000, 36.511337280273437500, 0.660110473632812500,  ,  1941, 1727, 213
4409555.exe , 43.726074218750000000, 35.699310302734375000, 0.668807983398437500,  ,  1961, 1731, 233
4409555.exe , 43.888671875000000000, 35.907928466796875000, 0.664810180664062500,  ,  1952, 1735, 217
4409555.exe , 44.142211914062500000, 36.035858154296875000, 0.667953491210937500,  ,  1961, 1748, 214
4409555.exe , 43.966171264648437500, 35.947158813476562500, 0.663421630859375000,  ,  1947, 1722, 226
4409555.exe , 43.840209960937500000, 35.811019897460937500, 0.665374755859375000,  ,  1953, 1753, 200
4409555.exe , 44.065948486328125000, 36.150466918945312500, 0.658401489257812500,  ,  1934, 1688, 247
4409555.exe , 43.814559936523437500, 35.826507568359375000, 0.665130615234375000,  ,  1952, 1729, 222
4409555.exe , 43.853622436523437500, 35.875076293945312500, 0.663635253906250000,  ,  1949, 1756, 193
4409555.exe , 44.291244506835937500, 36.291320800781250000, 0.661697387695312500,  ,  1946, 1677, 267
4542735.exe , 55.563995361328125000, 45.140884399414062500, 0.857940673828125000,  ,  2523, 2267, 256
4542735.exe , 55.356689453125000000, 45.060424804687500000, 0.854797363281250000,  ,  2512, 2242, 270
4542735.exe , 55.280242919921875000, 44.990097045898437500, 0.855728149414062500,  ,  2515, 2280, 233
4542735.exe , 56.055984497070312500, 45.641311645507812500, 0.856842041015625000,  ,  2519, 2300, 217
4542735.exe , 55.404663085937500000, 45.067367553710937500, 0.858276367187500000,  ,  2522, 2244, 278
4542735.exe , 55.466491699218750000, 45.017990112304687500, 0.860534667968750000,  ,  2531, 2296, 236
4542735.exe , 55.660537719726562500, 45.328231811523437500, 0.858779907226562500,  ,  2524, 2324, 200
4542735.exe , 55.341796875000000000, 45.121810913085937500, 0.848831176757812500,  ,  2496, 2287, 208
4542735.exe , 56.274765014648437500, 45.800247192382812500, 0.857666015625000000,  ,  2520, 2289, 228
4542735.exe , 55.497161865234375000, 45.132522583007812500, 0.860977172851562500,  ,  2531, 2276, 256
4655984.exe , 71.615554809570312500, 58.806884765625000000, 1.054214477539062500,  ,  3102, 2871, 232
4655984.exe , 72.128143310546875000, 59.297546386718750000, 1.057205200195312500,  ,  3109, 2904, 205
4655984.exe , 71.600128173828125000, 58.898239135742187500, 1.051727294921875000,  ,  3093, 2873, 220
4655984.exe , 71.977432250976562500, 59.186950683593750000, 1.053283691406250000,  ,  3097, 2875, 223
4655984.exe , 72.208847045898437500, 59.402969360351562500, 1.052658081054687500,  ,  3095, 2871, 224
4655984.exe , 72.017883300781250000, 59.101364135742187500, 1.056457519531250000,  ,  3108, 2878, 228
4655984.exe , 72.359832763671875000, 59.548217773437500000, 1.053222656250000000,  ,  3097, 2873, 224
4655984.exe , 71.530853271484375000, 58.783126831054687500, 1.052444458007812500,  ,  3096, 2851, 244
4655984.exe , 72.099884033203125000, 59.250473022460937500, 1.054931640625000000,  ,  3104, 2852, 249
4655984.exe , 71.573944091796875000, 58.853820800781250000, 1.049728393554687500,  ,  3087, 2867, 221
4657742.exe , 56.657348632812500000, 46.103591918945312500, 0.858306884765625000,  ,  2524, 2319, 203
4657742.exe , 56.225906372070312500, 45.756759643554687500, 0.862045288085937500,  ,  2533, 2309, 225
4657742.exe , 56.084030151367187500, 45.674453735351562500, 0.861495971679687500,  ,  2532, 2267, 264
4657742.exe , 55.960342407226562500, 45.484909057617187500, 0.860382080078125000,  ,  2529, 2270, 256
4657742.exe , 56.416519165039062500, 46.045166015625000000, 0.855819702148437500,  ,  2514, 2310, 204
4657742.exe , 55.548812866210937500, 45.121612548828125000, 0.862884521484375000,  ,  2536, 2241, 296
4657742.exe , 56.097076416015625000, 45.820144653320312500, 0.848785400390625000,  ,  2495, 2261, 235
4657742.exe , 56.470825195312500000, 45.950988769531250000, 0.864456176757812500,  ,  2541, 2333, 208
4657742.exe , 56.043167114257812500, 45.483505249023437500, 0.864166259765625000,  ,  2539, 2328, 213
4657742.exe , 56.018951416015625000, 45.496688842773437500, 0.862289428710937500,  ,  2535, 2302, 232
4727569.exe , 78.285263061523437500, 64.449539184570312500, 1.132904052734375000,  ,  3334, 3139, 193
4727569.exe , 78.611694335937500000, 64.761169433593750000, 1.138427734375000000,  ,  3347, 3128, 221
4727569.exe , 78.459609985351562500, 64.697845458984375000, 1.131042480468750000,  ,  3326, 3104, 221
4727569.exe , 77.694320678710937500, 63.981414794921875000, 1.133209228515625000,  ,  3335, 3115, 217
4727569.exe , 78.346145629882812500, 64.546279907226562500, 1.128494262695312500,  ,  3317, 3126, 189
4727569.exe , 78.574478149414062500, 64.742721557617187500, 1.128387451171875000,  ,  3319, 3092, 225
4727569.exe , 78.593612670898437500, 64.904525756835937500, 1.128067016601562500,  ,  3316, 3108, 210
4727569.exe , 78.566925048828125000, 64.764251708984375000, 1.134460449218750000,  ,  3335, 3124, 212
4727569.exe , 78.320968627929687500, 64.424743652343750000, 1.136062622070312500,  ,  3342, 3102, 240
4727569.exe , 78.388168334960937500, 64.548339843750000000, 1.135391235351562500,  ,  3338, 3118, 221
4753684.exe , 26.012130737304687500, 21.121932983398437500, 0.402755737304687500,  ,  1181, 1161, 20
4753684.exe , 25.888275146484375000, 20.920669555664062500, 0.406585693359375000,  ,  1194, 1170, 24
4753684.exe , 26.176147460937500000, 21.353912353515625000, 0.396881103515625000,  ,  1163, 1150, 12
4753684.exe , 25.735015869140625000, 20.767776489257812500, 0.405899047851562500,  ,  1191, 1154, 36
4753684.exe , 25.876983642578125000, 20.965850830078125000, 0.403869628906250000,  ,  1186, 1163, 20
4753684.exe , 26.262954711914062500, 21.438507080078125000, 0.394104003906250000,  ,  1155, 1142, 12
4753684.exe , 25.941665649414062500, 20.986633300781250000, 0.406906127929687500,  ,  1192, 1157, 32
4753684.exe , 25.934631347656250000, 21.003326416015625000, 0.403778076171875000,  ,  1183, 1171, 12
4753684.exe , 26.105148315429687500, 21.238067626953125000, 0.399459838867187500,  ,  1171, 1153, 16
4753684.exe , 25.983932495117187500, 21.094772338867187500, 0.401580810546875000,  ,  1176, 1163, 12
477328.exe , 36.189544677734375000, 29.799560546875000000, 0.527542114257812500,  ,  1549, 1523, 24
477328.exe , 36.143646240234375000, 29.620071411132812500, 0.530639648437500000,  ,  1557, 1535, 20
477328.exe , 35.949356079101562500, 29.345275878906250000, 0.536819458007812500,  ,  1576, 1545, 28
477328.exe , 35.932006835937500000, 29.477890014648437500, 0.532501220703125000,  ,  1562, 1545, 16
477328.exe , 35.830703735351562500, 29.228958129882812500, 0.539566040039062500,  ,  1585, 1560, 24
477328.exe , 35.894149780273437500, 29.383605957031250000, 0.537124633789062500,  ,  1574, 1553, 20
477328.exe , 36.009094238281250000, 29.424972534179687500, 0.537445068359375000,  ,  1577, 1545, 28
477328.exe , 36.048385620117187500, 29.416046142578125000, 0.541168212890625000,  ,  1587, 1555, 32
477328.exe , 36.061050415039062500, 29.468322753906250000, 0.537353515625000000,  ,  1580, 1551, 24
477328.exe , 36.093124389648437500, 29.526153564453125000, 0.535720825195312500,  ,  1573, 1555, 16
4847851.exe , 36.494857788085937500, 29.936340332031250000, 0.538330078125000000,  ,  1581, 1560, 20
4847851.exe , 36.133666992187500000, 29.573104858398437500, 0.541503906250000000,  ,  1589, 1572, 16
4847851.exe , 36.060379028320312500, 29.446380615234375000, 0.542465209960937500,  ,  1592, 1564, 28
4847851.exe , 36.056854248046875000, 29.432006835937500000, 0.542877197265625000,  ,  1593, 1565, 28
4847851.exe , 36.363952636718750000, 29.781494140625000000, 0.539688110351562500,  ,  1584, 1556, 24
4847851.exe , 36.227676391601562500, 29.715866088867187500, 0.539077758789062500,  ,  1582, 1558, 24
4847851.exe , 36.345458984375000000, 29.753952026367187500, 0.540252685546875000,  ,  1586, 1554, 32
4847851.exe , 36.075866699218750000, 29.531326293945312500, 0.540863037109375000,  ,  1589, 1568, 20
4847851.exe , 36.586395263671875000, 30.035186767578125000, 0.538665771484375000,  ,  1582, 1556, 24
4847851.exe , 36.355590820312500000, 29.823638916015625000, 0.539154052734375000,  ,  1582, 1557, 24
4886272.exe , 104.298370361328125000, 84.648925781250000000, 1.606201171875000000,  ,  4726, 4474, 249
4886272.exe , 104.748016357421875000, 85.127822875976562500, 1.606079101562500000,  ,  4726, 4500, 221
4886272.exe , 103.712112426757812500, 84.380950927734375000, 1.596038818359375000,  ,  4692, 4424, 266
4886272.exe , 103.673217773437500000, 84.204254150390625000, 1.600524902343750000,  ,  4707, 4452, 256
4886272.exe , 104.315917968750000000, 84.655181884765625000, 1.606414794921875000,  ,  4726, 4510, 216
4886272.exe , 104.004501342773437500, 84.564392089843750000, 1.602981567382812500,  ,  4712, 4455, 259
4886272.exe , 104.079956054687500000, 84.632232666015625000, 1.606002807617187500,  ,  4722, 4480, 238
4886272.exe , 103.467712402343750000, 84.090286254882812500, 1.595703125000000000,  ,  4695, 4449, 245
4886272.exe , 104.646438598632812500, 85.072341918945312500, 1.604598999023437500,  ,  4721, 4479, 242
4886272.exe , 103.796112060546875000, 84.381805419921875000, 1.604751586914062500,  ,  4722, 4444, 278
4947084.exe , 35.819747924804687500, 29.336837768554687500, 0.536346435546875000,  ,  1575, 1544, 32
4947084.exe , 35.897689819335937500, 29.380508422851562500, 0.534896850585937500,  ,  1570, 1546, 24
4947084.exe , 35.848266601562500000, 29.264755249023437500, 0.538650512695312500,  ,  1580, 1556, 24
4947084.exe , 35.927963256835937500, 29.404815673828125000, 0.535018920898437500,  ,  1571, 1545, 24
4947084.exe , 35.570068359375000000, 29.124313354492187500, 0.534500122070312500,  ,  1569, 1553, 16
4947084.exe , 36.078735351562500000, 29.534729003906250000, 0.538223266601562500,  ,  1581, 1569, 12
4947084.exe , 35.999755859375000000, 29.477294921875000000, 0.534774780273437500,  ,  1568, 1543, 24
4947084.exe , 35.925430297851562500, 29.370971679687500000, 0.536148071289062500,  ,  1573, 1534, 40
4947084.exe , 36.321411132812500000, 29.825881958007812500, 0.533035278320312500,  ,  1562, 1526, 36
4947084.exe , 36.063781738281250000, 29.559600830078125000, 0.535324096679687500,  ,  1571, 1529, 40
5188861.exe , 34.512069702148437500, 28.349304199218750000, 0.509826660156250000,  ,  1496, 1483, 12
5188861.exe , 34.287750244140625000, 28.063461303710937500, 0.514617919921875000,  ,  1511, 1495, 12
5188861.exe , 34.472412109375000000, 28.323532104492187500, 0.509735107421875000,  ,  1494, 1474, 20
5188861.exe , 34.366531372070312500, 28.200759887695312500, 0.511535644531250000,  ,  1502, 1487, 12
5188861.exe , 34.508407592773437500, 28.362533569335937500, 0.509094238281250000,  ,  1494, 1470, 24
5188861.exe , 34.305923461914062500, 28.113082885742187500, 0.514495849609375000,  ,  1510, 1486, 24
5188861.exe , 34.167526245117187500, 27.889038085937500000, 0.515640258789062500,  ,  1514, 1479, 32
5188861.exe , 34.558639526367187500, 28.266647338867187500, 0.516555786132812500,  ,  1517, 1495, 20
5188861.exe , 34.340942382812500000, 28.115753173828125000, 0.515640258789062500,  ,  1513, 1496, 16
5188861.exe , 34.164459228515625000, 27.939697265625000000, 0.515396118164062500,  ,  1511, 1494, 16
5299880.exe , 42.416580200195312500, 34.344375610351562500, 0.665405273437500000,  ,  1955, 1751, 204
5299880.exe , 42.769821166992187500, 34.665084838867187500, 0.665237426757812500,  ,  1954, 1765, 188
5299880.exe , 42.505584716796875000, 34.474166870117187500, 0.663940429687500000,  ,  1949, 1686, 264
5299880.exe , 42.689147949218750000, 34.595108032226562500, 0.663497924804687500,  ,  1949, 1697, 251
5299880.exe , 42.594482421875000000, 34.583358764648437500, 0.663589477539062500,  ,  1947, 1742, 207
5299880.exe , 42.720611572265625000, 34.584304809570312500, 0.667587280273437500,  ,  1961, 1757, 204
5299880.exe , 42.518402099609375000, 34.525955200195312500, 0.661788940429687500,  ,  1943, 1698, 244
5299880.exe , 42.848907470703125000, 34.887023925781250000, 0.656570434570312500,  ,  1929, 1685, 245
5299880.exe , 42.733306884765625000, 34.762283325195312500, 0.660018920898437500,  ,  1935, 1709, 228
5299880.exe , 42.436798095703125000, 34.437271118164062500, 0.662292480468750000,  ,  1946, 1675, 270
5510670.exe , 49.135330200195312500, 40.095642089843750000, 0.749404907226562500,  ,  2202, 1973, 230
5510670.exe , 49.113830566406250000, 39.999389648437500000, 0.755371093750000000,  ,  2220, 1981, 238
5510670.exe , 49.209686279296875000, 40.131530761718750000, 0.749114990234375000,  ,  2203, 2035, 169
5510670.exe , 49.241989135742187500, 40.120681762695312500, 0.755950927734375000,  ,  2221, 2041, 181
5510670.exe , 48.954772949218750000, 39.719985961914062500, 0.754241943359375000,  ,  2216, 1991, 226
5510670.exe , 48.840698242187500000, 39.769088745117187500, 0.749557495117187500,  ,  2204, 1968, 234
5510670.exe , 48.695419311523437500, 39.633316040039062500, 0.750579833984375000,  ,  2206, 1977, 228
5510670.exe , 49.282623291015625000, 40.005035400390625000, 0.756713867187500000,  ,  2223, 2001, 222
5510670.exe , 49.093460083007812500, 39.935836791992187500, 0.757324218750000000,  ,  2225, 1999, 225
5510670.exe , 49.306381225585937500, 40.085372924804687500, 0.754440307617187500,  ,  2219, 2003, 212
5568655.exe , 33.656433105468750000, 27.445098876953125000, 0.510116577148437500,  ,  1499, 1475, 20
5568655.exe , 33.639480590820312500, 27.509140014648437500, 0.505493164062500000,  ,  1483, 1456, 24
5568655.exe , 33.955444335937500000, 27.817031860351562500, 0.500656127929687500,  ,  1468, 1451, 16
5568655.exe , 33.799011230468750000, 27.625976562500000000, 0.506439208984375000,  ,  1487, 1465, 20
5568655.exe , 33.573669433593750000, 27.464859008789062500, 0.505752563476562500,  ,  1484, 1457, 24
5568655.exe , 33.732727050781250000, 27.543487548828125000, 0.508850097656250000,  ,  1493, 1475, 16
5568655.exe , 33.688949584960937500, 27.482162475585937500, 0.507095336914062500,  ,  1490, 1455, 32
5568655.exe , 33.737304687500000000, 27.551132202148437500, 0.510620117187500000,  ,  1499, 1480, 16
5568655.exe , 33.890838623046875000, 27.717681884765625000, 0.504730224609375000,  ,  1479, 1453, 24
5568655.exe , 33.944549560546875000, 27.814697265625000000, 0.501892089843750000,  ,  1472, 1448, 20
5735007.exe , 55.711059570312500000, 45.425003051757812500, 0.842529296875000000,  ,  2478, 2249, 228
5735007.exe , 55.087127685546875000, 44.842178344726562500, 0.845397949218750000,  ,  2484, 2281, 204
5735007.exe , 54.662857055664062500, 44.423324584960937500, 0.844665527343750000,  ,  2482, 2248, 234
5735007.exe , 55.346008300781250000, 44.978622436523437500, 0.847946166992187500,  ,  2493, 2239, 253
5735007.exe , 54.828933715820312500, 44.606704711914062500, 0.845230102539062500,  ,  2484, 2259, 224
5735007.exe , 55.120223999023437500, 44.800903320312500000, 0.853485107421875000,  ,  2508, 2272, 236
5735007.exe , 54.765380859375000000, 44.466873168945312500, 0.850463867187500000,  ,  2501, 2293, 208
5735007.exe , 55.067184448242187500, 44.772949218750000000, 0.851135253906250000,  ,  2501, 2270, 232
5735007.exe , 54.733505249023437500, 44.453704833984375000, 0.848541259765625000,  ,  2494, 2265, 229
5735007.exe , 54.968032836914062500, 44.813934326171875000, 0.837921142578125000,  ,  2464, 2243, 216
5752102.exe , 60.867355346679687500, 49.842193603515625000, 0.903274536132812500,  ,  2653, 2440, 213
5752102.exe , 60.292617797851562500, 49.330627441406250000, 0.905975341796875000,  ,  2663, 2420, 244
5752102.exe , 60.928268432617187500, 50.024551391601562500, 0.900192260742187500,  ,  2647, 2431, 213
5752102.exe , 60.250946044921875000, 49.298889160156250000, 0.905151367187500000,  ,  2660, 2451, 208
5752102.exe , 60.793624877929687500, 49.707977294921875000, 0.902511596679687500,  ,  2653, 2396, 257
5752102.exe , 60.834472656250000000, 49.860397338867187500, 0.901672363281250000,  ,  2650, 2388, 260
5752102.exe , 60.279724121093750000, 49.309204101562500000, 0.907287597656250000,  ,  2668, 2428, 240
5752102.exe , 60.606170654296875000, 49.684020996093750000, 0.901977539062500000,  ,  2653, 2417, 237
5752102.exe , 60.785217285156250000, 49.753524780273437500, 0.904525756835937500,  ,  2657, 2433, 224
5752102.exe , 60.324996948242187500, 49.339218139648437500, 0.908187866210937500,  ,  2671, 2411, 260
5897531.exe , 34.401458740234375000, 28.204330444335937500, 0.512237548828125000,  ,  1504, 1478, 24
5897531.exe , 34.328979492187500000, 28.050888061523437500, 0.513946533203125000,  ,  1510, 1486, 24
5897531.exe , 34.472824096679687500, 28.166000366210937500, 0.517272949218750000,  ,  1517, 1492, 24
5897531.exe , 34.442230224609375000, 28.199356079101562500, 0.516281127929687500,  ,  1513, 1490, 24
5897531.exe , 34.561843872070312500, 28.319717407226562500, 0.507888793945312500,  ,  1492, 1479, 12
5897531.exe , 34.439544677734375000, 28.244155883789062500, 0.510772705078125000,  ,  1500, 1474, 24
5897531.exe , 34.143310546875000000, 27.864074707031250000, 0.516830444335937500,  ,  1518, 1493, 24
5897531.exe , 34.338821411132812500, 28.119964599609375000, 0.513061523437500000,  ,  1506, 1480, 24
5897531.exe , 34.071960449218750000, 27.847366333007812500, 0.514923095703125000,  ,  1510, 1490, 20
5897531.exe , 34.562225341796875000, 28.282806396484375000, 0.512649536132812500,  ,  1505, 1494, 8
5901057.exe , 18.373550415039062500, 14.760147094726562500, 0.294784545898437500,  ,  864, 820, 44
5901057.exe , 18.276855468750000000, 14.662292480468750000, 0.297592163085937500,  ,  871, 824, 44
5901057.exe , 18.230590820312500000, 14.575286865234375000, 0.299468994140625000,  ,  878, 831, 44
5901057.exe , 18.207214355468750000, 14.580169677734375000, 0.297683715820312500,  ,  872, 824, 48
5901057.exe , 18.456314086914062500, 14.897201538085937500, 0.292617797851562500,  ,  856, 835, 20
5901057.exe , 18.420501708984375000, 14.853210449218750000, 0.293029785156250000,  ,  857, 822, 32
5901057.exe , 18.214721679687500000, 14.566635131835937500, 0.299026489257812500,  ,  875, 821, 52
5901057.exe , 18.277877807617187500, 14.726806640625000000, 0.294418334960937500,  ,  863, 825, 32
5901057.exe , 18.244934082031250000, 14.586410522460937500, 0.299285888671875000,  ,  876, 839, 36
5901057.exe , 18.452148437500000000, 14.857162475585937500, 0.295669555664062500,  ,  865, 816, 49
6074729.exe , 55.319519042968750000, 44.724609375000000000, 0.872787475585937500,  ,  2564, 2315, 249
6074729.exe , 55.612609863281250000, 45.005050659179687500, 0.872848510742187500,  ,  2568, 2305, 262
6074729.exe , 55.659393310546875000, 45.071899414062500000, 0.871520996093750000,  ,  2560, 2303, 256
6074729.exe , 55.751037597656250000, 45.194793701171875000, 0.867645263671875000,  ,  2551, 2290, 258
6074729.exe , 55.885726928710937500, 45.328125000000000000, 0.870300292968750000,  ,  2557, 2393, 164
6074729.exe , 55.627426147460937500, 45.056686401367187500, 0.871414184570312500,  ,  2562, 2341, 221
6074729.exe , 55.445922851562500000, 44.986846923828125000, 0.864913940429687500,  ,  2542, 2309, 232
6074729.exe , 55.263504028320312500, 44.678955078125000000, 0.871932983398437500,  ,  2563, 2315, 248
6074729.exe , 55.906112670898437500, 45.244567871093750000, 0.876647949218750000,  ,  2579, 2374, 206
6074729.exe , 55.686599731445312500, 45.112991333007812500, 0.870376586914062500,  ,  2555, 2347, 210
6121337.exe , 33.987258911132812500, 27.658889770507812500, 0.517852783203125000,  ,  1520, 1485, 36
6121337.exe , 34.313461303710937500, 27.979553222656250000, 0.518615722656250000,  ,  1521, 1487, 32
6121337.exe , 34.354522705078125000, 28.077529907226562500, 0.515930175781250000,  ,  1513, 1478, 36
6121337.exe , 34.162536621093750000, 27.967468261718750000, 0.511779785156250000,  ,  1501, 1475, 24
6121337.exe , 34.209381103515625000, 27.925537109375000000, 0.517440795898437500,  ,  1519, 1503, 16
6121337.exe , 34.367111206054687500, 28.052734375000000000, 0.516418457031250000,  ,  1517, 1493, 24
6121337.exe , 34.371353149414062500, 28.083374023437500000, 0.515396118164062500,  ,  1513, 1486, 24
6121337.exe , 34.072586059570312500, 27.802551269531250000, 0.518539428710937500,  ,  1523, 1501, 20
6121337.exe , 33.914047241210937500, 27.656448364257812500, 0.517730712890625000,  ,  1519, 1484, 36
6121337.exe , 34.425949096679687500, 28.139984130859375000, 0.516235351562500000,  ,  1514, 1485, 28
6190417.exe , 29.358108520507812500, 23.754714965820312500, 0.459625244140625000,  ,  1350, 1324, 24
6190417.exe , 29.241287231445312500, 23.681716918945312500, 0.459320068359375000,  ,  1348, 1341, 8
6190417.exe , 29.411209106445312500, 23.924011230468750000, 0.454589843750000000,  ,  1335, 1321, 12
6190417.exe , 29.352340698242187500, 23.782867431640625000, 0.456115722656250000,  ,  1337, 1321, 16
6190417.exe , 29.063796997070312500, 23.505310058593750000, 0.459167480468750000,  ,  1348, 1325, 24
6190417.exe , 29.307144165039062500, 23.792083740234375000, 0.456787109375000000,  ,  1338, 1322, 16
6190417.exe , 29.283538818359375000, 23.659454345703125000, 0.460494995117187500,  ,  1351, 1323, 24
6190417.exe , 29.351074218750000000, 23.844223022460937500, 0.455856323242187500,  ,  1336, 1319, 16
6190417.exe , 29.382278442382812500, 23.860961914062500000, 0.456954956054687500,  ,  1340, 1325, 16
6190417.exe , 29.277572631835937500, 23.766906738281250000, 0.456146240234375000,  ,  1339, 1323, 16
6386527.exe , 42.561080932617187500, 34.935134887695312500, 0.605697631835937500,  ,  1778, 1767, 12
6386527.exe , 43.861587524414062500, 35.861816406250000000, 0.621292114257812500,  ,  1824, 1784, 40
6386527.exe , 42.592117309570312500, 34.907287597656250000, 0.610992431640625000,  ,  1796, 1764, 28
6386527.exe , 43.716964721679687500, 35.799346923828125000, 0.618240356445312500,  ,  1815, 1784, 28
6386527.exe , 42.908843994140625000, 35.187332153320312500, 0.607971191406250000,  ,  1787, 1749, 36
6386527.exe , 43.791076660156250000, 35.864044189453125000, 0.616027832031250000,  ,  1807, 1785, 20
6386527.exe , 43.013427734375000000, 35.289855957031250000, 0.610229492187500000,  ,  1792, 1760, 32
6386527.exe , 42.892486572265625000, 35.220703125000000000, 0.608520507812500000,  ,  1786, 1759, 24
6386527.exe , 43.477905273437500000, 35.571975708007812500, 0.615310668945312500,  ,  1807, 1779, 28
6386527.exe , 43.053710937500000000, 35.348617553710937500, 0.610565185546875000,  ,  1792, 1754, 36
6466356.exe , 34.891235351562500000, 28.526580810546875000, 0.522827148437500000,  ,  1534, 1489, 44
6466356.exe , 35.001937866210937500, 28.585296630859375000, 0.523330688476562500,  ,  1535, 1497, 40
6466356.exe , 35.107330322265625000, 28.720367431640625000, 0.522201538085937500,  ,  1532, 1488, 44
6466356.exe , 34.957839965820312500, 28.561935424804687500, 0.522293090820312500,  ,  1532, 1497, 36
6466356.exe , 35.069076538085937500, 28.701782226562500000, 0.522766113281250000,  ,  1533, 1486, 48
6466356.exe , 34.908996582031250000, 28.501296997070312500, 0.525344848632812500,  ,  1543, 1496, 48
6466356.exe , 35.097763061523437500, 28.719436645507812500, 0.522491455078125000,  ,  1533, 1499, 32
6466356.exe , 34.931945800781250000, 28.526153564453125000, 0.522506713867187500,  ,  1534, 1504, 28
6466356.exe , 35.127029418945312500, 28.703216552734375000, 0.523956298828125000,  ,  1535, 1502, 32
6466356.exe , 35.133239746093750000, 28.751724243164062500, 0.519683837890625000,  ,  1525, 1498, 24
648321.exe , 32.418945312500000000, 26.062591552734375000, 0.519012451171875000,  ,  1523, 1498, 24
648321.exe , 32.276123046875000000, 25.949401855468750000, 0.520935058593750000,  ,  1528, 1505, 24
648321.exe , 32.183609008789062500, 25.860076904296875000, 0.523254394531250000,  ,  1537, 1513, 24
648321.exe , 32.355560302734375000, 26.065246582031250000, 0.520889282226562500,  ,  1529, 1508, 20
648321.exe , 32.295791625976562500, 25.880172729492187500, 0.525833129882812500,  ,  1545, 1517, 28
648321.exe , 32.164825439453125000, 25.840087890625000000, 0.522674560546875000,  ,  1534, 1508, 24
648321.exe , 32.213638305664062500, 25.854507446289062500, 0.525268554687500000,  ,  1540, 1524, 16
648321.exe , 32.252761840820312500, 25.952514648437500000, 0.520843505859375000,  ,  1530, 1476, 52
648321.exe , 32.271667480468750000, 25.843566894531250000, 0.525863647460937500,  ,  1543, 1519, 24
648321.exe , 32.219955444335937500, 25.866836547851562500, 0.523666381835937500,  ,  1537, 1501, 36
657396.exe , 34.462585449218750000, 28.216293334960937500, 0.516387939453125000,  ,  1516, 1489, 24
657396.exe , 34.506805419921875000, 28.284957885742187500, 0.513153076171875000,  ,  1507, 1489, 16
657396.exe , 34.623626708984375000, 28.325973510742187500, 0.517471313476562500,  ,  1518, 1480, 36
657396.exe , 34.554046630859375000, 28.302398681640625000, 0.516128540039062500,  ,  1516, 1502, 12
657396.exe , 34.319961547851562500, 28.050399780273437500, 0.517883300781250000,  ,  1519, 1508, 12
657396.exe , 34.551040649414062500, 28.350357055664062500, 0.511856079101562500,  ,  1502, 1481, 20
657396.exe , 34.356216430664062500, 28.072113037109375000, 0.518844604492187500,  ,  1521, 1502, 20
657396.exe , 34.268417358398437500, 28.011550903320312500, 0.516983032226562500,  ,  1516, 1494, 20
657396.exe , 34.535461425781250000, 28.278457641601562500, 0.515930175781250000,  ,  1516, 1494, 20
657396.exe , 34.223510742187500000, 27.950119018554687500, 0.518005371093750000,  ,  1519, 1497, 20
6595850.exe , 32.730239868164062500, 26.411209106445312500, 0.517456054687500000,  ,  1519, 1487, 32
6595850.exe , 32.815002441406250000, 26.609802246093750000, 0.513687133789062500,  ,  1507, 1475, 32
6595850.exe , 32.899688720703125000, 26.752914428710937500, 0.509155273437500000,  ,  1494, 1463, 28
6595850.exe , 32.603866577148437500, 26.393829345703125000, 0.515899658203125000,  ,  1514, 1490, 24
6595850.exe , 32.720336914062500000, 26.414840698242187500, 0.516448974609375000,  ,  1517, 1489, 28
6595850.exe , 32.651275634765625000, 26.413726806640625000, 0.516296386718750000,  ,  1514, 1504, 8
6595850.exe , 32.736923217773437500, 26.488296508789062500, 0.513793945312500000,  ,  1509, 1488, 20
6595850.exe , 32.788192749023437500, 26.502822875976562500, 0.516830444335937500,  ,  1518, 1493, 24
6595850.exe , 32.797546386718750000, 26.529739379882812500, 0.516296386718750000,  ,  1516, 1488, 28
6595850.exe , 33.033569335937500000, 26.787002563476562500, 0.512100219726562500,  ,  1502, 1486, 16
6596819.exe , 45.998550415039062500, 37.583633422851562500, 0.690414428710937500,  ,  2028, 1815, 214
6596819.exe , 45.956893920898437500, 37.592666625976562500, 0.690505981445312500,  ,  2028, 1800, 228
6596819.exe , 46.341369628906250000, 37.962463378906250000, 0.687683105468750000,  ,  2020, 1820, 200
6596819.exe , 45.808181762695312500, 37.431106567382812500, 0.691070556640625000,  ,  2033, 1779, 249
6596819.exe , 45.796981811523437500, 37.453598022460937500, 0.690979003906250000,  ,  2030, 1834, 196
6596819.exe , 45.920242309570312500, 37.591751098632812500, 0.690246582031250000,  ,  2027, 1810, 217
6596819.exe , 45.905975341796875000, 37.521423339843750000, 0.694366455078125000,  ,  2041, 1797, 242
6596819.exe , 45.883850097656250000, 37.554809570312500000, 0.689758300781250000,  ,  2027, 1777, 252
6596819.exe , 46.215698242187500000, 37.755020141601562500, 0.691421508789062500,  ,  2030, 1780, 249
6596819.exe , 46.313064575195312500, 37.968246459960937500, 0.687210083007812500,  ,  2019, 1798, 220
6632440.exe , 57.474060058593750000, 47.049606323242187500, 0.854537963867187500,  ,  2512, 2254, 258
6632440.exe , 57.048889160156250000, 46.677261352539062500, 0.856674194335937500,  ,  2516, 2278, 238
6632440.exe , 57.638320922851562500, 47.239883422851562500, 0.852355957031250000,  ,  2505, 2274, 232
6632440.exe , 57.569473266601562500, 47.042465209960937500, 0.863296508789062500,  ,  2536, 2284, 252
6632440.exe , 57.073562622070312500, 46.748046875000000000, 0.853378295898437500,  ,  2510, 2262, 248
6632440.exe , 57.702331542968750000, 47.308624267578125000, 0.853500366210937500,  ,  2508, 2258, 250
6632440.exe , 56.982162475585937500, 46.613510131835937500, 0.856506347656250000,  ,  2520, 2324, 196
6632440.exe , 57.244522094726562500, 46.905807495117187500, 0.854278564453125000,  ,  2510, 2245, 266
6632440.exe , 57.321609497070312500, 46.928939819335937500, 0.858337402343750000,  ,  2522, 2290, 233
6632440.exe , 57.487289428710937500, 47.037170410156250000, 0.855865478515625000,  ,  2514, 2276, 237
6708862.exe , 35.808334350585937500, 29.290786743164062500, 0.537551879882812500,  ,  1579, 1565, 12
6708862.exe , 36.070999145507812500, 29.438720703125000000, 0.541183471679687500,  ,  1590, 1556, 32
6708862.exe , 35.829269409179687500, 29.315063476562500000, 0.537002563476562500,  ,  1575, 1522, 52
6708862.exe , 36.139678955078125000, 29.588287353515625000, 0.535476684570312500,  ,  1572, 1542, 28
6708862.exe , 35.890655517578125000, 29.372482299804687500, 0.537246704101562500,  ,  1575, 1543, 32
6708862.exe , 35.819061279296875000, 29.199050903320312500, 0.541336059570312500,  ,  1589, 1553, 36
6708862.exe , 36.111083984375000000, 29.535720825195312500, 0.537918090820312500,  ,  1580, 1542, 36
6708862.exe , 36.525375366210937500, 29.964828491210937500, 0.537399291992187500,  ,  1577, 1555, 20
6708862.exe , 36.061569213867187500, 29.414001464843750000, 0.542129516601562500,  ,  1590, 1568, 20
6708862.exe , 35.888977050781250000, 29.322982788085937500, 0.540374755859375000,  ,  1588, 1561, 24
6714442.exe , 36.269302368164062500, 29.774276733398437500, 0.533370971679687500,  ,  1564, 1534, 28
6714442.exe , 36.219314575195312500, 29.618301391601562500, 0.541137695312500000,  ,  1587, 1562, 24
6714442.exe , 35.659393310546875000, 29.161071777343750000, 0.536743164062500000,  ,  1575, 1553, 24
6714442.exe , 36.109573364257812500, 29.604171752929687500, 0.534133911132812500,  ,  1567, 1524, 40
6714442.exe , 35.887954711914062500, 29.316162109375000000, 0.539840698242187500,  ,  1582, 1550, 32
6714442.exe , 36.063705444335937500, 29.497604370117187500, 0.538726806640625000,  ,  1578, 1557, 20
6714442.exe , 35.888519287109375000, 29.366729736328125000, 0.535842895507812500,  ,  1571, 1548, 24
6714442.exe , 35.846099853515625000, 29.263916015625000000, 0.540267944335937500,  ,  1585, 1557, 28
6714442.exe , 35.978134155273437500, 29.406204223632812500, 0.539260864257812500,  ,  1583, 1560, 20
6714442.exe , 35.739105224609375000, 29.256210327148437500, 0.535964965820312500,  ,  1572, 1537, 36
6754640.exe , 63.635437011718750000, 51.839340209960937500, 0.966537475585937500,  ,  2843, 2634, 205
6754640.exe , 63.361236572265625000, 51.545242309570312500, 0.963012695312500000,  ,  2829, 2620, 208
6754640.exe , 63.561859130859375000, 51.749053955078125000, 0.967926025390625000,  ,  2842, 2609, 233
6754640.exe , 63.063659667968750000, 51.183532714843750000, 0.969848632812500000,  ,  2853, 2677, 176
6754640.exe , 63.346740722656250000, 51.455184936523437500, 0.974014282226562500,  ,  2864, 2664, 200
6754640.exe , 63.286468505859375000, 51.439651489257812500, 0.971740722656250000,  ,  2856, 2609, 248
6754640.exe , 62.788436889648437500, 50.966644287109375000, 0.966125488281250000,  ,  2840, 2622, 217
6754640.exe , 63.325790405273437500, 51.460556030273437500, 0.972702026367187500,  ,  2859, 2624, 236
6754640.exe , 63.516952514648437500, 51.763198852539062500, 0.963897705078125000,  ,  2832, 2624, 208
6754640.exe , 63.305313110351562500, 51.432449340820312500, 0.971923828125000000,  ,  2858, 2619, 238
7044970.exe , 44.044662475585937500, 36.002349853515625000, 0.666442871093750000,  ,  1958, 1736, 221
7044970.exe , 44.012756347656250000, 36.008956909179687500, 0.663238525390625000,  ,  1948, 1732, 214
7044970.exe , 43.956954956054687500, 35.904602050781250000, 0.666320800781250000,  ,  1956, 1679, 278
7044970.exe , 44.334701538085937500, 36.182968139648437500, 0.665084838867187500,  ,  1955, 1713, 240
7044970.exe , 44.056594848632812500, 35.932495117187500000, 0.669418334960937500,  ,  1966, 1739, 227
7044970.exe , 44.470458984375000000, 36.335144042968750000, 0.666503906250000000,  ,  1959, 1714, 246
7044970.exe , 44.090957641601562500, 36.092514038085937500, 0.661926269531250000,  ,  1944, 1747, 197
7044970.exe , 43.981750488281250000, 35.941604614257812500, 0.665451049804687500,  ,  1955, 1729, 225
7044970.exe , 44.018783569335937500, 35.997451782226562500, 0.664916992187500000,  ,  1954, 1746, 208
7044970.exe , 44.180969238281250000, 36.225921630859375000, 0.660903930664062500,  ,  1940, 1736, 205
7100116.exe , 55.774047851562500000, 45.436721801757812500, 0.854949951171875000,  ,  2514, 2306, 209
7100116.exe , 55.717819213867187500, 45.356643676757812500, 0.857040405273437500,  ,  2519, 2311, 205
7100116.exe , 55.738082885742187500, 45.358398437500000000, 0.857666015625000000,  ,  2522, 2286, 236
7100116.exe , 55.375549316406250000, 45.011093139648437500, 0.855392456054687500,  ,  2515, 2337, 180
7100116.exe , 55.899139404296875000, 45.384368896484375000, 0.859878540039062500,  ,  2527, 2305, 220
7100116.exe , 55.766601562500000000, 45.408584594726562500, 0.857208251953125000,  ,  2520, 2286, 232
7100116.exe , 55.904052734375000000, 45.527053833007812500, 0.858978271484375000,  ,  2526, 2326, 197
7100116.exe , 56.148544311523437500, 45.603256225585937500, 0.863555908203125000,  ,  2537, 2310, 228
7100116.exe , 55.758041381835937500, 45.339630126953125000, 0.860183715820312500,  ,  2529, 2334, 196
7100116.exe , 56.311218261718750000, 45.822326660156250000, 0.858230590820312500,  ,  2522, 2328, 193
728955.exe , 59.374557495117187500, 47.061203002929687500, 0.910552978515625000,  ,  2676, 2641, 36
728955.exe , 59.119232177734375000, 46.784164428710937500, 0.905349731445312500,  ,  2660, 2641, 16
728955.exe , 58.920532226562500000, 46.494812011718750000, 0.910995483398437500,  ,  2678, 2655, 20
728955.exe , 58.648117065429687500, 46.259246826171875000, 0.911056518554687500,  ,  2676, 2625, 52
728955.exe , 58.950317382812500000, 46.643280029296875000, 0.906890869140625000,  ,  2665, 2628, 36
728955.exe , 58.405944824218750000, 46.175811767578125000, 0.906188964843750000,  ,  2665, 2608, 56
728955.exe , 59.158081054687500000, 46.800582885742187500, 0.905761718750000000,  ,  2661, 2612, 48
728955.exe , 58.937149047851562500, 46.639617919921875000, 0.908050537109375000,  ,  2669, 2641, 24
728955.exe , 58.432388305664062500, 46.165618896484375000, 0.909194946289062500,  ,  2674, 2633, 36
728955.exe , 58.889114379882812500, 46.495193481445312500, 0.910797119140625000,  ,  2678, 2609, 68
771691.exe , 31.893341064453125000, 25.506591796875000000, 0.526779174804687500,  ,  1547, 1527, 20
771691.exe , 32.313903808593750000, 25.957656860351562500, 0.516921997070312500,  ,  1518, 1512, 4
771691.exe , 32.036773681640625000, 25.588058471679687500, 0.527572631835937500,  ,  1546, 1517, 28
771691.exe , 31.890304565429687500, 25.525970458984375000, 0.527099609375000000,  ,  1546, 1529, 16
771691.exe , 32.035186767578125000, 25.628860473632812500, 0.524810791015625000,  ,  1540, 1510, 28
771691.exe , 31.929199218750000000, 25.601394653320312500, 0.522659301757812500,  ,  1534, 1513, 20
771691.exe , 31.926559448242187500, 25.585586547851562500, 0.524612426757812500,  ,  1538, 1502, 36
771691.exe , 32.032165527343750000, 25.760620117187500000, 0.521697998046875000,  ,  1529, 1520, 8
771691.exe , 32.128952026367187500, 25.737228393554687500, 0.523132324218750000,  ,  1535, 1510, 24
771691.exe , 32.183074951171875000, 25.819396972656250000, 0.521423339843750000,  ,  1529, 1505, 24
776425.exe , 49.464950561523437500, 40.354324340820312500, 0.747604370117187500,  ,  2196, 1952, 245
776425.exe , 49.056167602539062500, 39.887008666992187500, 0.753540039062500000,  ,  2216, 1974, 240
776425.exe , 48.983016967773437500, 39.887405395507812500, 0.746887207031250000,  ,  2195, 1980, 212
776425.exe , 48.922897338867187500, 39.794723510742187500, 0.749725341796875000,  ,  2204, 1949, 253
776425.exe , 49.417694091796875000, 40.324234008789062500, 0.745132446289062500,  ,  2188, 1986, 201
776425.exe , 48.783828735351562500, 39.785385131835937500, 0.743240356445312500,  ,  2185, 1942, 243
776425.exe , 49.254959106445312500, 40.074829101562500000, 0.754562377929687500,  ,  2215, 2015, 200
776425.exe , 49.202499389648437500, 40.216827392578125000, 0.742309570312500000,  ,  2179, 1962, 218
776425.exe , 49.537063598632812500, 40.356857299804687500, 0.753601074218750000,  ,  2214, 1993, 220
776425.exe , 48.906890869140625000, 39.836990356445312500, 0.750045776367187500,  ,  2203, 1996, 206
776644.exe , 50.772277832031250000, 41.282653808593750000, 0.773742675781250000,  ,  2274, 2078, 196
776644.exe , 51.005905151367187500, 41.536102294921875000, 0.771896362304687500,  ,  2268, 2077, 192
776644.exe , 51.116516113281250000, 41.533309936523437500, 0.780380249023437500,  ,  2293, 2039, 252
776644.exe , 51.138275146484375000, 41.636352539062500000, 0.775085449218750000,  ,  2275, 2054, 220
776644.exe , 50.897140502929687500, 41.407135009765625000, 0.775711059570312500,  ,  2279, 2059, 220
776644.exe , 51.028030395507812500, 41.608413696289062500, 0.773071289062500000,  ,  2271, 2003, 268
776644.exe , 50.933364868164062500, 41.459320068359375000, 0.774856567382812500,  ,  2277, 2087, 192
776644.exe , 51.483001708984375000, 41.927505493164062500, 0.776367187500000000,  ,  2281, 2074, 204
776644.exe , 50.868194580078125000, 41.422760009765625000, 0.769592285156250000,  ,  2262, 2022, 240
776644.exe , 51.262527465820312500, 41.677154541015625000, 0.780532836914062500,  ,  2294, 2093, 204
8106119.exe , 107.179275512695312500, 88.569000244140625000, 1.536392211914062500,  ,  4520, 4308, 208
8106119.exe , 107.975646972656250000, 89.152770996093750000, 1.534484863281250000,  ,  4513, 4265, 244
8106119.exe , 108.009201049804687500, 89.269912719726562500, 1.535720825195312500,  ,  4516, 4301, 212
8106119.exe , 108.055786132812500000, 89.223175048828125000, 1.534942626953125000,  ,  4516, 4275, 236
8106119.exe , 108.015121459960937500, 89.317687988281250000, 1.533584594726562500,  ,  4512, 4285, 224
8106119.exe , 107.921615600585937500, 89.113739013671875000, 1.537490844726562500,  ,  4524, 4322, 204
8106119.exe , 108.073806762695312500, 89.312591552734375000, 1.535415649414062500,  ,  4517, 4281, 236
8106119.exe , 108.136550903320312500, 89.390274047851562500, 1.537094116210937500,  ,  4521, 4276, 245
8106119.exe , 108.433639526367187500, 89.750061035156250000, 1.532623291015625000,  ,  4506, 4268, 236
8106119.exe , 108.254211425781250000, 89.428009033203125000, 1.532272338867187500,  ,  4510, 4296, 212
8377831.exe , 33.916839599609375000, 27.722503662109375000, 0.511978149414062500,  ,  1503, 1478, 24
8377831.exe , 34.171859741210937500, 27.951278686523437500, 0.510513305664062500,  ,  1498, 1479, 20
8377831.exe , 34.292022705078125000, 28.112167358398437500, 0.507415771484375000,  ,  1490, 1470, 16
8377831.exe , 33.902709960937500000, 27.706314086914062500, 0.512023925781250000,  ,  1503, 1469, 32
8377831.exe , 34.156204223632812500, 27.935852050781250000, 0.509368896484375000,  ,  1495, 1464, 28
8377831.exe , 34.129119873046875000, 27.981246948242187500, 0.506454467773437500,  ,  1485, 1440, 44
8377831.exe , 34.203750610351562500, 27.970489501953125000, 0.509811401367187500,  ,  1496, 1459, 36
8377831.exe , 34.227981567382812500, 28.025619506835937500, 0.509048461914062500,  ,  1495, 1478, 16
8377831.exe , 34.056259155273437500, 27.874649047851562500, 0.510482788085937500,  ,  1498, 1465, 32
8377831.exe , 34.300247192382812500, 28.102264404296875000, 0.506546020507812500,  ,  1486, 1471, 12
8485745.exe , 28.419494628906250000, 23.128967285156250000, 0.435440063476562500,  ,  1278, 1249, 28
8485745.exe , 28.888519287109375000, 23.535324096679687500, 0.437164306640625000,  ,  1281, 1273, 8
8485745.exe , 28.625717163085937500, 23.303024291992187500, 0.436477661132812500,  ,  1278, 1258, 20
8485745.exe , 28.487289428710937500, 23.127487182617187500, 0.438995361328125000,  ,  1288, 1270, 16
8485745.exe , 28.516784667968750000, 23.267044067382812500, 0.433273315429687500,  ,  1271, 1262, 8
8485745.exe , 28.532806396484375000, 23.178070068359375000, 0.438293457031250000,  ,  1286, 1271, 16
8485745.exe , 28.519592285156250000, 23.287567138671875000, 0.432113647460937500,  ,  1267, 1242, 24
8485745.exe , 28.429107666015625000, 23.130752563476562500, 0.437545776367187500,  ,  1282, 1256, 24
8485745.exe , 28.324447631835937500, 23.064865112304687500, 0.434448242187500000,  ,  1278, 1264, 12
8485745.exe , 28.496948242187500000, 23.260589599609375000, 0.432876586914062500,  ,  1269, 1251, 16
8601270.exe , 57.565536499023437500, 47.232345581054687500, 0.852066040039062500,  ,  2507, 2281, 226
8601270.exe , 57.742080688476562500, 47.222183227539062500, 0.857406616210937500,  ,  2519, 2302, 216
8601270.exe , 57.681915283203125000, 47.320510864257812500, 0.849639892578125000,  ,  2497, 2277, 219
8601270.exe , 56.908126831054687500, 46.556488037109375000, 0.854415893554687500,  ,  2511, 2237, 273
8601270.exe , 57.513153076171875000, 46.949783325195312500, 0.861511230468750000,  ,  2532, 2297, 235
8601270.exe , 57.550399780273437500, 47.202774047851562500, 0.853836059570312500,  ,  2509, 2275, 233
8601270.exe , 57.655975341796875000, 47.133911132812500000, 0.858108520507812500,  ,  2522, 2322, 199
8601270.exe , 57.632995605468750000, 47.045318603515625000, 0.861831665039062500,  ,  2533, 2306, 228
8601270.exe , 57.156188964843750000, 46.794769287109375000, 0.855499267578125000,  ,  2516, 2336, 180
8601270.exe , 57.371047973632812500, 46.862533569335937500, 0.860443115234375000,  ,  2530, 2313, 216
8645057.exe , 34.156036376953125000, 27.928756713867187500, 0.514328002929687500,  ,  1508, 1484, 24
8645057.exe , 34.432098388671875000, 28.187164306640625000, 0.511795043945312500,  ,  1502, 1477, 24
8645057.exe , 34.317962646484375000, 28.002685546875000000, 0.515548706054687500,  ,  1513, 1501, 12
8645057.exe , 34.602188110351562500, 28.464706420898437500, 0.505279541015625000,  ,  1481, 1463, 16
8645057.exe , 34.441589355468750000, 28.182189941406250000, 0.513198852539062500,  ,  1502, 1477, 24
8645057.exe , 34.542144775390625000, 28.363006591796875000, 0.507431030273437500,  ,  1489, 1480, 8
8645057.exe , 34.349639892578125000, 28.051391601562500000, 0.518920898437500000,  ,  1523, 1515, 8
8645057.exe , 34.110275268554687500, 27.797271728515625000, 0.515670776367187500,  ,  1513, 1498, 16
8645057.exe , 34.294006347656250000, 28.007217407226562500, 0.514007568359375000,  ,  1508, 1490, 16
8645057.exe , 34.457275390625000000, 28.159973144531250000, 0.515411376953125000,  ,  1513, 1497, 16
8668510.exe , 35.334396362304687500, 28.825408935546875000, 0.536941528320312500,  ,  1576, 1556, 20
8668510.exe , 35.604812622070312500, 28.992141723632812500, 0.538116455078125000,  ,  1581, 1545, 36
8668510.exe , 35.779907226562500000, 29.216598510742187500, 0.534301757812500000,  ,  1567, 1529, 40
8668510.exe , 35.814743041992187500, 29.235992431640625000, 0.534545898437500000,  ,  1571, 1543, 28
8668510.exe , 35.685211181640625000, 29.116134643554687500, 0.536758422851562500,  ,  1575, 1540, 36
8668510.exe , 35.557128906250000000, 28.937927246093750000, 0.538055419921875000,  ,  1580, 1541, 36
8668510.exe , 35.876251220703125000, 29.329910278320312500, 0.533645629882812500,  ,  1566, 1544, 21
8668510.exe , 35.814392089843750000, 29.273986816406250000, 0.534805297851562500,  ,  1570, 1539, 28
8668510.exe , 35.655136108398437500, 29.039520263671875000, 0.538070678710937500,  ,  1578, 1569, 8
8668510.exe , 35.829437255859375000, 29.300231933593750000, 0.533767700195312500,  ,  1566, 1541, 24
971881.exe , 38.562530517578125000, 31.275756835937500000, 0.597351074218750000,  ,  1753, 1522, 228
971881.exe , 38.861907958984375000, 31.605819702148437500, 0.594711303710937500,  ,  1744, 1478, 267
971881.exe , 38.826004028320312500, 31.611038208007812500, 0.590255737304687500,  ,  1733, 1525, 208
971881.exe , 38.628128051757812500, 31.375732421875000000, 0.594070434570312500,  ,  1743, 1505, 237
971881.exe , 38.829940795898437500, 31.584976196289062500, 0.594192504882812500,  ,  1744, 1537, 204
971881.exe , 38.501922607421875000, 31.318420410156250000, 0.592636108398437500,  ,  1738, 1546, 192
971881.exe , 38.495864868164062500, 31.268951416015625000, 0.598358154296875000,  ,  1755, 1503, 252
971881.exe , 39.001953125000000000, 31.824569702148437500, 0.589920043945312500,  ,  1730, 1497, 234
971881.exe , 38.813064575195312500, 31.527389526367187500, 0.594512939453125000,  ,  1746, 1463, 284
971881.exe , 38.678985595703125000, 31.403503417968750000, 0.597045898437500000,  ,  1752, 1482, 269
