1135633.exe , 10.482849121093750000, 10.160644531250000000,  ,  ,  943, 857, 72
1135633.exe , 10.251525878906250000, 9.999816894531250000,  ,  ,  875, 818, 56
1135633.exe , 10.212951660156250000, 9.957946777343750000,  ,  ,  867, 798, 68
1135633.exe , 10.258117675781250000, 10.005554199218750000,  ,  ,  876, 832, 44
1135633.exe , 10.448242187500000000, 10.194580078125000000,  ,  ,  878, 829, 48
1135633.exe , 10.097351074218750000, 9.843994140625000000,  ,  ,  862, 802, 60
1135633.exe , 10.229736328125000000, 9.971740722656250000,  ,  ,  873, 816, 56
1135633.exe , 10.101196289062500000, 9.848144531250000000,  ,  ,  869, 808, 60
1135633.exe , 10.186889648437500000, 9.935424804687500000,  ,  ,  879, 824, 52
1135633.exe , 10.064697265625000000, 9.811950683593750000,  ,  ,  868, 794, 75
1247568.exe , 20.500549316406250000, 20.036071777343750000,  ,  ,  1616, 1576, 40
1247568.exe , 20.643981933593750000, 20.189819335937500000,  ,  ,  1619, 1571, 48
1247568.exe , 20.666503906250000000, 20.199035644531250000,  ,  ,  1616, 1574, 40
1247568.exe , 20.509094238281250000, 20.055358886718750000,  ,  ,  1622, 1554, 68
1247568.exe , 20.445556640625000000, 19.980957031250000000,  ,  ,  1615, 1575, 40
1247568.exe , 20.543151855468750000, 20.093933105468750000,  ,  ,  1613, 1556, 56
1247568.exe , 20.432556152343750000, 19.978820800781250000,  ,  ,  1612, 1555, 56
1247568.exe , 20.462036132812500000, 20.006042480468750000,  ,  ,  1612, 1561, 52
1247568.exe , 20.463562011718750000, 20.000488281250000000,  ,  ,  1612, 1575, 36
1247568.exe , 20.585815429687500000, 20.126464843750000000,  ,  ,  1620, 1557, 64
1265407.exe , 8.626953125000000000, 8.413024902343750000,  ,  ,  722, 658, 64
1265407.exe , 8.571472167968750000, 8.362976074218750000,  ,  ,  721, 669, 52
1265407.exe , 8.612609863281250000, 8.400512695312500000,  ,  ,  725, 654, 72
1265407.exe , 8.589721679687500000, 8.378540039062500000,  ,  ,  721, 646, 76
1265407.exe , 8.639160156250000000, 8.427490234375000000,  ,  ,  722, 662, 60
1265407.exe , 8.661254882812500000, 8.446472167968750000,  ,  ,  721, 661, 60
1265407.exe , 8.639343261718750000, 8.430541992187500000,  ,  ,  722, 669, 52
1265407.exe , 8.606140136718750000, 8.398803710937500000,  ,  ,  721, 661, 60
1265407.exe , 8.618774414062500000, 8.408813476562500000,  ,  ,  724, 692, 32
1265407.exe , 8.617858886718750000, 8.411071777343750000,  ,  ,  721, 658, 64
1291495.exe , 4.294067382812500000, 4.187011718750000000,  ,  ,  380, 336, 44
1291495.exe , 4.312377929687500000, 4.200195312500000000,  ,  ,  381, 321, 60
1291495.exe , 4.330505371093750000, 4.218872070312500000,  ,  ,  381, 323, 57
1291495.exe , 4.340026855468750000, 4.219970703125000000,  ,  ,  382, 339, 42
1291495.exe , 4.346984863281250000, 4.235107421875000000,  ,  ,  379, 324, 56
1291495.exe , 4.391418457031250000, 4.277038574218750000,  ,  ,  380, 328, 51
1291495.exe , 4.380249023437500000, 4.269409179687500000,  ,  ,  381, 314, 65
1291495.exe , 4.347900390625000000, 4.238952636718750000,  ,  ,  381, 328, 52
1291495.exe , 4.338500976562500000, 4.227600097656250000,  ,  ,  380, 339, 41
1291495.exe , 4.317993164062500000, 4.200866699218750000,  ,  ,  379, 323, 56
1442933.exe , 8.768493652343750000, 8.548278808593750000,  ,  ,  737, 657, 80
1442933.exe , 8.809875488281250000, 8.590820312500000000,  ,  ,  736, 671, 64
1442933.exe , 8.808471679687500000, 8.590454101562500000,  ,  ,  738, 703, 36
1442933.exe , 8.754455566406250000, 8.535461425781250000,  ,  ,  734, 680, 56
1442933.exe , 8.769897460937500000, 8.558715820312500000,  ,  ,  735, 684, 52
1442933.exe , 8.642456054687500000, 8.427185058593750000,  ,  ,  752, 694, 56
1442933.exe , 8.769470214843750000, 8.550170898437500000,  ,  ,  733, 674, 56
1442933.exe , 8.832275390625000000, 8.616394042968750000,  ,  ,  736, 682, 52
1442933.exe , 8.731750488281250000, 8.519653320312500000,  ,  ,  732, 675, 56
1442933.exe , 8.831726074218750000, 8.615112304687500000,  ,  ,  735, 666, 67
1477356.exe , 8.970947265625000000, 8.755004882812500000,  ,  ,  744, 706, 40
1477356.exe , 8.947998046875000000, 8.728332519531250000,  ,  ,  746, 674, 69
1477356.exe , 8.945312500000000000, 8.728454589843750000,  ,  ,  746, 690, 55
1477356.exe , 8.990234375000000000, 8.768615722656250000,  ,  ,  745, 697, 48
1477356.exe , 9.064758300781250000, 8.841918945312500000,  ,  ,  745, 677, 68
1477356.exe , 9.023742675781250000, 8.810363769531250000,  ,  ,  745, 707, 36
1477356.exe , 9.011108398437500000, 8.790344238281250000,  ,  ,  746, 681, 64
1477356.exe , 8.982421875000000000, 8.759643554687500000,  ,  ,  747, 681, 66
1477356.exe , 8.971313476562500000, 8.759643554687500000,  ,  ,  746, 698, 48
1477356.exe , 8.982666015625000000, 8.766174316406250000,  ,  ,  747, 720, 24
1510302.exe , 8.838806152343750000, 8.633056640625000000,  ,  ,  737, 683, 52
1510302.exe , 8.883789062500000000, 8.673400878906250000,  ,  ,  739, 672, 68
1510302.exe , 8.845886230468750000, 8.622924804687500000,  ,  ,  740, 672, 68
1510302.exe , 8.846679687500000000, 8.640197753906250000,  ,  ,  739, 699, 39
1510302.exe , 8.826599121093750000, 8.620910644531250000,  ,  ,  739, 685, 52
1510302.exe , 8.848815917968750000, 8.633728027343750000,  ,  ,  738, 673, 64
1510302.exe , 8.872985839843750000, 8.657470703125000000,  ,  ,  738, 685, 52
1510302.exe , 8.833435058593750000, 8.626037597656250000,  ,  ,  737, 648, 88
1510302.exe , 8.903991699218750000, 8.697631835937500000,  ,  ,  741, 705, 34
1510302.exe , 8.869262695312500000, 8.649291992187500000,  ,  ,  740, 681, 57
1545872.exe , 8.881286621093750000, 8.661254882812500000,  ,  ,  745, 710, 35
1545872.exe , 8.885314941406250000, 8.677490234375000000,  ,  ,  747, 675, 72
1545872.exe , 8.877441406250000000, 8.659729003906250000,  ,  ,  745, 701, 44
1545872.exe , 8.886047363281250000, 8.672668457031250000,  ,  ,  745, 697, 44
1545872.exe , 8.871704101562500000, 8.662719726562500000,  ,  ,  743, 719, 24
1545872.exe , 8.899047851562500000, 8.682189941406250000,  ,  ,  745, 693, 51
1545872.exe , 8.900573730468750000, 8.681579589843750000,  ,  ,  745, 709, 36
1545872.exe , 8.929138183593750000, 8.710571289062500000,  ,  ,  744, 690, 52
1545872.exe , 8.959045410156250000, 8.751464843750000000,  ,  ,  745, 692, 52
1545872.exe , 9.009155273437500000, 8.796813964843750000,  ,  ,  744, 696, 48
1655898.exe , 8.877380371093750000, 8.659484863281250000,  ,  ,  737, 690, 48
1655898.exe , 9.037292480468750000, 8.820068359375000000,  ,  ,  741, 676, 63
1655898.exe , 8.845092773437500000, 8.636901855468750000,  ,  ,  737, 685, 51
1655898.exe , 8.794372558593750000, 8.572570800781250000,  ,  ,  737, 682, 56
1655898.exe , 8.781250000000000000, 8.563903808593750000,  ,  ,  736, 678, 56
1655898.exe , 8.808227539062500000, 8.589660644531250000,  ,  ,  737, 677, 60
1655898.exe , 8.812133789062500000, 8.598205566406250000,  ,  ,  737, 664, 72
1655898.exe , 8.803161621093750000, 8.589233398437500000,  ,  ,  736, 692, 44
1655898.exe , 8.838928222656250000, 8.619567871093750000,  ,  ,  736, 680, 56
1655898.exe , 8.750671386718750000, 8.534301757812500000,  ,  ,  735, 699, 36
1832846.exe , 8.388122558593750000, 8.186096191406250000,  ,  ,  692, 649, 44
1832846.exe , 8.403198242187500000, 8.210754394531250000,  ,  ,  691, 636, 56
1832846.exe , 8.344726562500000000, 8.152832031250000000,  ,  ,  689, 646, 44
1832846.exe , 8.399108886718750000, 8.199401855468750000,  ,  ,  689, 629, 60
1832846.exe , 8.351562500000000000, 8.154846191406250000,  ,  ,  687, 640, 48
1832846.exe , 8.371826171875000000, 8.176147460937500000,  ,  ,  693, 648, 44
1832846.exe , 8.326538085937500000, 8.134521484375000000,  ,  ,  689, 657, 32
1832846.exe , 8.342712402343750000, 8.140747070312500000,  ,  ,  689, 652, 36
1832846.exe , 8.371154785156250000, 8.166625976562500000,  ,  ,  690, 647, 44
1832846.exe , 8.333312988281250000, 8.129211425781250000,  ,  ,  688, 639, 48
1867433.exe , 9.453735351562500000, 9.217651367187500000,  ,  ,  781, 732, 48
1867433.exe , 9.349243164062500000, 9.125183105468750000,  ,  ,  777, 724, 51
1867433.exe , 9.312561035156250000, 9.086547851562500000,  ,  ,  782, 733, 48
1867433.exe , 9.296264648437500000, 9.072021484375000000,  ,  ,  780, 702, 77
1867433.exe , 9.415222167968750000, 9.176879882812500000,  ,  ,  779, 722, 57
1867433.exe , 9.408447265625000000, 9.183349609375000000,  ,  ,  779, 735, 44
1867433.exe , 9.398803710937500000, 9.173095703125000000,  ,  ,  780, 700, 77
1867433.exe , 9.343017578125000000, 9.108459472656250000,  ,  ,  779, 710, 69
1867433.exe , 9.388549804687500000, 9.162475585937500000,  ,  ,  779, 722, 55
1867433.exe , 9.406250000000000000, 9.173461914062500000,  ,  ,  780, 734, 48
2059675.exe , 28.478393554687500000, 27.785278320312500000,  ,  ,  2375, 2307, 68
2059675.exe , 28.576049804687500000, 27.867370605468750000,  ,  ,  2409, 2321, 88
2059675.exe , 28.744445800781250000, 28.046813964843750000,  ,  ,  2418, 2318, 100
2059675.exe , 28.750366210937500000, 28.049987792968750000,  ,  ,  2425, 2305, 120
2059675.exe , 28.664062500000000000, 27.966918945312500000,  ,  ,  2411, 2326, 84
2059675.exe , 28.794738769531250000, 28.095458984375000000,  ,  ,  2413, 2315, 96
2059675.exe , 28.974853515625000000, 28.265319824218750000,  ,  ,  2414, 2309, 104
2059675.exe , 28.790039062500000000, 28.076782226562500000,  ,  ,  2416, 2292, 120
2059675.exe , 29.148681640625000000, 28.436401367187500000,  ,  ,  2444, 2351, 92
2059675.exe , 28.902221679687500000, 28.191833496093750000,  ,  ,  2432, 2356, 76
2126568.exe , 8.909667968750000000, 8.697082519531250000,  ,  ,  746, 679, 68
2126568.exe , 8.833374023437500000, 8.609375000000000000,  ,  ,  738, 682, 56
2126568.exe , 8.956176757812500000, 8.741577148437500000,  ,  ,  744, 678, 68
2126568.exe , 8.870361328125000000, 8.650024414062500000,  ,  ,  744, 671, 72
2126568.exe , 8.908203125000000000, 8.681518554687500000,  ,  ,  746, 697, 48
2126568.exe , 8.898620605468750000, 8.683654785156250000,  ,  ,  748, 696, 52
2126568.exe , 8.775878906250000000, 8.557434082031250000,  ,  ,  733, 680, 56
2126568.exe , 8.793823242187500000, 8.571350097656250000,  ,  ,  736, 692, 44
2126568.exe , 8.901794433593750000, 8.683837890625000000,  ,  ,  744, 677, 65
2126568.exe , 8.787231445312500000, 8.573242187500000000,  ,  ,  735, 667, 68
2267323.exe , 21.574645996093750000, 21.093750000000000000,  ,  ,  1699, 1634, 60
2267323.exe , 21.515136718750000000, 21.028930664062500000,  ,  ,  1688, 1625, 64
2267323.exe , 21.385620117187500000, 20.901000976562500000,  ,  ,  1689, 1626, 64
2267323.exe , 21.582946777343750000, 21.104980468750000000,  ,  ,  1693, 1645, 48
2267323.exe , 21.778381347656250000, 21.298645019531250000,  ,  ,  1690, 1625, 64
2267323.exe , 21.653137207031250000, 21.181152343750000000,  ,  ,  1682, 1626, 56
2267323.exe , 21.663391113281250000, 21.174133300781250000,  ,  ,  1692, 1622, 68
2267323.exe , 21.690673828125000000, 21.208923339843750000,  ,  ,  1691, 1642, 48
2267323.exe , 21.552246093750000000, 21.071533203125000000,  ,  ,  1686, 1643, 44
2267323.exe , 21.563659667968750000, 21.085754394531250000,  ,  ,  1688, 1612, 76
2384511.exe , 9.086120605468750000, 8.860656738281250000,  ,  ,  760, 683, 76
2384511.exe , 9.054809570312500000, 8.828552246093750000,  ,  ,  760, 707, 52
2384511.exe , 9.086730957031250000, 8.867858886718750000,  ,  ,  759, 700, 59
2384511.exe , 9.054504394531250000, 8.830810546875000000,  ,  ,  757, 701, 57
2384511.exe , 9.071105957031250000, 8.846313476562500000,  ,  ,  760, 701, 60
2384511.exe , 9.034179687500000000, 8.804687500000000000,  ,  ,  759, 678, 82
2384511.exe , 8.993957519531250000, 8.766723632812500000,  ,  ,  759, 691, 68
2384511.exe , 9.020385742187500000, 8.805419921875000000,  ,  ,  761, 687, 73
2384511.exe , 9.052673339843750000, 8.829162597656250000,  ,  ,  758, 687, 72
2384511.exe , 9.035461425781250000, 8.814270019531250000,  ,  ,  759, 696, 62
2531093.exe , 9.992797851562500000, 9.754333496093750000,  ,  ,  846, 788, 56
2531093.exe , 9.943664550781250000, 9.702819824218750000,  ,  ,  848, 800, 48
2531093.exe , 10.072265625000000000, 9.823303222656250000,  ,  ,  855, 788, 68
2531093.exe , 10.097290039062500000, 9.843566894531250000,  ,  ,  860, 810, 52
2531093.exe , 9.997375488281250000, 9.748657226562500000,  ,  ,  853, 790, 64
2531093.exe , 10.039367675781250000, 9.787231445312500000,  ,  ,  857, 801, 56
2531093.exe , 9.922668457031250000, 9.673156738281250000,  ,  ,  850, 813, 37
2531093.exe , 10.084594726562500000, 9.838012695312500000,  ,  ,  858, 818, 41
2531093.exe , 10.142761230468750000, 9.887939453125000000,  ,  ,  852, 780, 72
2531093.exe , 10.166442871093750000, 9.915466308593750000,  ,  ,  857, 818, 40
2589093.exe , 8.813415527343750000, 8.602416992187500000,  ,  ,  728, 650, 80
2589093.exe , 8.753356933593750000, 8.537658691406250000,  ,  ,  728, 667, 60
2589093.exe , 8.835937500000000000, 8.617065429687500000,  ,  ,  729, 649, 80
2589093.exe , 9.426574707031250000, 9.202270507812500000,  ,  ,  742, 675, 64
2589093.exe , 8.809570312500000000, 8.594848632812500000,  ,  ,  731, 660, 72
2589093.exe , 8.941040039062500000, 8.717651367187500000,  ,  ,  734, 675, 60
2589093.exe , 8.853332519531250000, 8.638488769531250000,  ,  ,  730, 670, 59
2589093.exe , 8.825744628906250000, 8.617309570312500000,  ,  ,  730, 657, 72
2589093.exe , 9.342041015625000000, 9.128662109375000000,  ,  ,  734, 698, 32
2589093.exe , 8.761291503906250000, 8.548217773437500000,  ,  ,  730, 674, 55
2772441.exe , 9.138427734375000000, 8.916748046875000000,  ,  ,  753, 697, 56
2772441.exe , 9.081176757812500000, 8.852355957031250000,  ,  ,  753, 709, 44
2772441.exe , 9.052856445312500000, 8.831176757812500000,  ,  ,  755, 692, 63
2772441.exe , 9.059936523437500000, 8.847167968750000000,  ,  ,  752, 700, 52
2772441.exe , 9.148071289062500000, 8.936157226562500000,  ,  ,  755, 711, 44
2772441.exe , 9.094909667968750000, 8.877868652343750000,  ,  ,  755, 711, 44
2772441.exe , 9.031372070312500000, 8.811157226562500000,  ,  ,  753, 701, 52
2772441.exe , 9.116516113281250000, 8.892883300781250000,  ,  ,  755, 702, 52
2772441.exe , 9.134643554687500000, 8.914489746093750000,  ,  ,  756, 721, 36
2772441.exe , 9.100158691406250000, 8.882873535156250000,  ,  ,  756, 711, 44
2959375.exe , 10.089111328125000000, 9.847839355468750000,  ,  ,  851, 779, 72
2959375.exe , 10.079895019531250000, 9.828979492187500000,  ,  ,  845, 782, 64
2959375.exe , 10.153015136718750000, 9.910461425781250000,  ,  ,  857, 799, 56
2959375.exe , 10.137390136718750000, 9.888610839843750000,  ,  ,  852, 796, 56
2959375.exe , 10.163452148437500000, 9.905944824218750000,  ,  ,  861, 802, 56
2959375.exe , 10.172729492187500000, 9.923950195312500000,  ,  ,  861, 809, 48
2959375.exe , 10.164184570312500000, 9.924682617187500000,  ,  ,  853, 789, 64
2959375.exe , 10.221130371093750000, 9.974914550781250000,  ,  ,  860, 783, 75
2959375.exe , 10.185729980468750000, 9.935913085937500000,  ,  ,  860, 817, 44
2959375.exe , 10.086303710937500000, 9.838562011718750000,  ,  ,  852, 800, 52
2962679.exe , 9.710083007812500000, 9.481994628906250000,  ,  ,  803, 758, 45
2962679.exe , 9.704956054687500000, 9.471313476562500000,  ,  ,  807, 756, 52
2962679.exe , 9.660644531250000000, 9.425598144531250000,  ,  ,  806, 733, 73
2962679.exe , 9.689208984375000000, 9.457031250000000000,  ,  ,  804, 741, 64
2962679.exe , 9.722534179687500000, 9.495178222656250000,  ,  ,  807, 738, 68
2962679.exe , 9.686889648437500000, 9.457702636718750000,  ,  ,  804, 768, 36
2962679.exe , 9.704467773437500000, 9.468933105468750000,  ,  ,  803, 753, 48
2962679.exe , 9.752502441406250000, 9.519653320312500000,  ,  ,  807, 759, 48
2962679.exe , 9.639221191406250000, 9.403869628906250000,  ,  ,  804, 766, 36
2962679.exe , 9.718017578125000000, 9.474243164062500000,  ,  ,  805, 749, 56
3053665.exe , 8.930358886718750000, 8.720520019531250000,  ,  ,  736, 676, 60
3053665.exe , 8.876525878906250000, 8.664001464843750000,  ,  ,  735, 669, 67
3053665.exe , 8.863769531250000000, 8.649230957031250000,  ,  ,  737, 681, 55
3053665.exe , 8.826171875000000000, 8.608703613281250000,  ,  ,  737, 688, 48
3053665.exe , 8.837402343750000000, 8.618957519531250000,  ,  ,  737, 679, 56
3053665.exe , 8.864135742187500000, 8.649841308593750000,  ,  ,  736, 709, 28
3053665.exe , 8.844848632812500000, 8.628967285156250000,  ,  ,  738, 677, 59
3053665.exe , 8.886840820312500000, 8.668212890625000000,  ,  ,  736, 692, 43
3053665.exe , 8.938964843750000000, 8.722534179687500000,  ,  ,  737, 681, 52
3053665.exe , 8.950683593750000000, 8.738891601562500000,  ,  ,  734, 697, 36
3072746.exe , 8.657104492187500000, 8.445251464843750000,  ,  ,  718, 661, 60
3072746.exe , 8.687316894531250000, 8.479675292968750000,  ,  ,  718, 674, 44
3072746.exe , 8.746337890625000000, 8.526855468750000000,  ,  ,  718, 654, 64
3072746.exe , 8.715942382812500000, 8.509094238281250000,  ,  ,  718, 647, 72
3072746.exe , 8.714111328125000000, 8.499389648437500000,  ,  ,  718, 667, 52
3072746.exe , 8.713562011718750000, 8.506042480468750000,  ,  ,  717, 662, 53
3072746.exe , 8.686584472656250000, 8.477600097656250000,  ,  ,  720, 680, 40
3072746.exe , 8.703918457031250000, 8.493408203125000000,  ,  ,  720, 679, 41
3072746.exe , 8.737365722656250000, 8.525817871093750000,  ,  ,  720, 647, 72
3072746.exe , 8.679809570312500000, 8.470886230468750000,  ,  ,  718, 662, 56
312198.exe , 22.399902343750000000, 21.892822265625000000,  ,  ,  1756, 1684, 72
312198.exe , 22.471557617187500000, 21.962402343750000000,  ,  ,  1755, 1687, 68
312198.exe , 22.513732910156250000, 22.004272460937500000,  ,  ,  1754, 1663, 92
312198.exe , 22.347717285156250000, 21.844848632812500000,  ,  ,  1754, 1670, 84
312198.exe , 22.339111328125000000, 21.832336425781250000,  ,  ,  1750, 1648, 104
312198.exe , 22.283020019531250000, 21.785583496093750000,  ,  ,  1753, 1666, 88
312198.exe , 22.363037109375000000, 21.855529785156250000,  ,  ,  1759, 1671, 88
312198.exe , 22.268371582031250000, 21.760253906250000000,  ,  ,  1757, 1663, 92
312198.exe , 22.271789550781250000, 21.765563964843750000,  ,  ,  1755, 1682, 72
312198.exe , 22.268066406250000000, 21.757385253906250000,  ,  ,  1755, 1686, 68
3291340.exe , 26.578735351562500000, 25.952087402343750000,  ,  ,  2142, 2055, 88
3291340.exe , 26.448791503906250000, 25.824035644531250000,  ,  ,  2135, 2045, 92
3291340.exe , 26.515808105468750000, 25.885559082031250000,  ,  ,  2135, 2050, 84
3291340.exe , 26.713012695312500000, 26.086120605468750000,  ,  ,  2136, 2032, 104
3291340.exe , 26.554504394531250000, 25.927856445312500000,  ,  ,  2134, 2025, 108
3291340.exe , 26.744812011718750000, 26.101867675781250000,  ,  ,  2150, 2043, 104
3291340.exe , 26.573059082031250000, 25.945678710937500000,  ,  ,  2137, 2044, 92
3291340.exe , 26.483764648437500000, 25.857604980468750000,  ,  ,  2141, 2041, 100
3291340.exe , 26.584533691406250000, 25.947143554687500000,  ,  ,  2144, 2016, 128
3291340.exe , 26.619995117187500000, 25.990417480468750000,  ,  ,  2138, 2054, 84
3323785.exe , 21.443054199218750000, 20.968200683593750000,  ,  ,  1688, 1617, 68
3323785.exe , 21.353881835937500000, 20.886352539062500000,  ,  ,  1682, 1615, 68
3323785.exe , 21.287109375000000000, 20.808471679687500000,  ,  ,  1680, 1623, 56
3323785.exe , 21.541381835937500000, 21.057800292968750000,  ,  ,  1684, 1635, 48
3323785.exe , 21.297790527343750000, 20.822143554687500000,  ,  ,  1682, 1598, 84
3323785.exe , 21.416870117187500000, 20.931945800781250000,  ,  ,  1681, 1628, 52
3323785.exe , 21.619567871093750000, 21.137512207031250000,  ,  ,  1684, 1612, 72
3323785.exe , 21.431640625000000000, 20.947448730468750000,  ,  ,  1678, 1610, 68
3323785.exe , 21.529357910156250000, 21.049804687500000000,  ,  ,  1686, 1612, 72
3323785.exe , 21.735717773437500000, 21.248474121093750000,  ,  ,  1689, 1625, 64
3334452.exe , 14.045471191406250000, 13.685180664062500000,  ,  ,  1238, 1164, 73
3334452.exe , 14.247070312500000000, 13.887451171875000000,  ,  ,  1260, 1164, 96
3334452.exe , 14.231262207031250000, 13.874755859375000000,  ,  ,  1253, 1177, 76
3334452.exe , 14.228210449218750000, 13.854003906250000000,  ,  ,  1254, 1163, 92
3334452.exe , 14.478576660156250000, 14.113037109375000000,  ,  ,  1280, 1167, 112
3334452.exe , 14.237731933593750000, 13.869873046875000000,  ,  ,  1252, 1200, 52
3334452.exe , 14.362548828125000000, 13.986450195312500000,  ,  ,  1260, 1151, 108
3334452.exe , 14.341308593750000000, 13.976867675781250000,  ,  ,  1260, 1171, 88
3334452.exe , 14.317871093750000000, 13.953857421875000000,  ,  ,  1255, 1171, 84
3334452.exe , 14.184692382812500000, 13.825927734375000000,  ,  ,  1242, 1141, 100
3337165.exe , 12.968139648437500000, 12.621337890625000000,  ,  ,  1106, 823, 283
3337165.exe , 13.056945800781250000, 12.707092285156250000,  ,  ,  1105, 846, 259
3337165.exe , 13.045776367187500000, 12.693664550781250000,  ,  ,  1105, 832, 272
3337165.exe , 13.013183593750000000, 12.663574218750000000,  ,  ,  1103, 832, 271
3337165.exe , 13.033813476562500000, 12.678161621093750000,  ,  ,  1101, 843, 257
3337165.exe , 13.095092773437500000, 12.745849609375000000,  ,  ,  1110, 844, 266
3337165.exe , 12.985534667968750000, 12.632995605468750000,  ,  ,  1103, 861, 242
3337165.exe , 12.980407714843750000, 12.635498046875000000,  ,  ,  1103, 840, 262
3337165.exe , 12.987731933593750000, 12.644592285156250000,  ,  ,  1100, 816, 282
3337165.exe , 13.107849121093750000, 12.749511718750000000,  ,  ,  1102, 824, 278
3396045.exe , 8.952026367187500000, 8.732177734375000000,  ,  ,  734, 674, 60
3396045.exe , 8.940612792968750000, 8.721008300781250000,  ,  ,  735, 692, 44
3396045.exe , 8.893554687500000000, 8.679626464843750000,  ,  ,  735, 688, 48
3396045.exe , 8.926452636718750000, 8.710815429687500000,  ,  ,  739, 675, 64
3396045.exe , 8.997619628906250000, 8.772705078125000000,  ,  ,  736, 693, 44
3396045.exe , 8.911621093750000000, 8.698486328125000000,  ,  ,  739, 674, 61
3396045.exe , 8.863952636718750000, 8.651367187500000000,  ,  ,  738, 700, 36
3396045.exe , 8.810913085937500000, 8.596740722656250000,  ,  ,  731, 670, 60
3396045.exe , 8.920227050781250000, 8.707763671875000000,  ,  ,  735, 663, 72
3396045.exe , 8.918762207031250000, 8.701110839843750000,  ,  ,  735, 664, 68
3587345.exe , 9.113220214843750000, 8.895874023437500000,  ,  ,  746, 701, 44
3587345.exe , 9.124084472656250000, 8.900817871093750000,  ,  ,  746, 707, 40
3587345.exe , 9.060485839843750000, 8.843200683593750000,  ,  ,  741, 660, 81
3587345.exe , 9.086914062500000000, 8.877685546875000000,  ,  ,  744, 702, 40
3587345.exe , 9.128845214843750000, 8.910461425781250000,  ,  ,  742, 659, 84
3587345.exe , 9.050781250000000000, 8.842407226562500000,  ,  ,  742, 680, 60
3587345.exe , 9.141052246093750000, 8.925659179687500000,  ,  ,  744, 690, 52
3587345.exe , 9.052490234375000000, 8.840148925781250000,  ,  ,  744, 681, 64
3587345.exe , 9.063964843750000000, 8.849792480468750000,  ,  ,  744, 684, 60
3587345.exe , 9.078002929687500000, 8.864501953125000000,  ,  ,  744, 689, 55
3645229.exe , 8.859863281250000000, 8.645202636718750000,  ,  ,  737, 669, 68
3645229.exe , 8.921875000000000000, 8.707336425781250000,  ,  ,  736, 680, 56
3645229.exe , 8.908020019531250000, 8.695373535156250000,  ,  ,  737, 673, 64
3645229.exe , 8.954284667968750000, 8.736511230468750000,  ,  ,  735, 702, 32
3645229.exe , 8.920227050781250000, 8.705993652343750000,  ,  ,  733, 672, 60
3645229.exe , 8.909423828125000000, 8.693359375000000000,  ,  ,  737, 683, 52
3645229.exe , 8.900207519531250000, 8.688903808593750000,  ,  ,  736, 683, 53
3645229.exe , 8.909667968750000000, 8.688293457031250000,  ,  ,  733, 699, 32
3645229.exe , 8.901550292968750000, 8.690368652343750000,  ,  ,  735, 693, 44
3645229.exe , 8.900573730468750000, 8.681945800781250000,  ,  ,  734, 673, 60
3683001.exe , 13.577880859375000000, 13.223632812500000000,  ,  ,  1150, 1078, 72
3683001.exe , 13.482910156250000000, 13.142272949218750000,  ,  ,  1145, 1069, 76
3683001.exe , 13.523864746093750000, 13.175109863281250000,  ,  ,  1150, 1052, 96
3683001.exe , 13.514709472656250000, 13.171386718750000000,  ,  ,  1145, 1064, 80
3683001.exe , 13.672180175781250000, 13.324829101562500000,  ,  ,  1154, 1075, 79
3683001.exe , 13.575134277343750000, 13.230468750000000000,  ,  ,  1153, 1072, 80
3683001.exe , 13.569763183593750000, 13.225891113281250000,  ,  ,  1151, 1037, 116
3683001.exe , 13.490173339843750000, 13.130920410156250000,  ,  ,  1149, 1093, 56
3683001.exe , 13.456420898437500000, 13.110229492187500000,  ,  ,  1148, 1056, 92
3683001.exe , 13.561401367187500000, 13.214538574218750000,  ,  ,  1153, 1043, 111
3687300.exe , 8.953674316406250000, 8.735900878906250000,  ,  ,  746, 687, 60
3687300.exe , 8.914611816406250000, 8.702575683593750000,  ,  ,  745, 686, 60
3687300.exe , 8.846069335937500000, 8.627990722656250000,  ,  ,  743, 700, 44
3687300.exe , 8.872619628906250000, 8.652160644531250000,  ,  ,  747, 688, 56
3687300.exe , 8.892028808593750000, 8.673645019531250000,  ,  ,  744, 675, 69
3687300.exe , 8.831604003906250000, 8.612060546875000000,  ,  ,  745, 682, 64
3687300.exe , 8.892517089843750000, 8.663879394531250000,  ,  ,  745, 702, 40
3687300.exe , 8.945983886718750000, 8.726318359375000000,  ,  ,  745, 679, 68
3687300.exe , 8.942016601562500000, 8.728210449218750000,  ,  ,  743, 676, 68
3687300.exe , 8.994750976562500000, 8.777099609375000000,  ,  ,  745, 684, 60
3752974.exe , 8.491333007812500000, 8.292236328125000000,  ,  ,  696, 653, 44
3752974.exe , 8.451843261718750000, 8.249023437500000000,  ,  ,  695, 651, 44
3752974.exe , 8.454345703125000000, 8.256652832031250000,  ,  ,  694, 664, 29
3752974.exe , 8.492309570312500000, 8.283752441406250000,  ,  ,  693, 642, 52
3752974.exe , 8.492065429687500000, 8.299316406250000000,  ,  ,  693, 652, 42
3752974.exe , 8.515563964843750000, 8.323425292968750000,  ,  ,  693, 647, 45
3752974.exe , 8.460327148437500000, 8.251403808593750000,  ,  ,  693, 621, 70
3752974.exe , 8.456481933593750000, 8.258239746093750000,  ,  ,  693, 663, 32
3752974.exe , 8.489990234375000000, 8.286987304687500000,  ,  ,  695, 642, 53
3752974.exe , 8.461242675781250000, 8.259582519531250000,  ,  ,  693, 644, 48
3826344.exe , 8.871093750000000000, 8.663696289062500000,  ,  ,  733, 666, 67
3826344.exe , 8.868957519531250000, 8.653442382812500000,  ,  ,  733, 705, 28
3826344.exe , 8.893859863281250000, 8.682434082031250000,  ,  ,  733, 657, 76
3826344.exe , 8.854736328125000000, 8.641113281250000000,  ,  ,  734, 681, 52
3826344.exe , 8.895568847656250000, 8.681579589843750000,  ,  ,  735, 691, 44
3826344.exe , 8.827819824218750000, 8.617553710937500000,  ,  ,  733, 660, 72
3826344.exe , 8.946594238281250000, 8.729431152343750000,  ,  ,  734, 659, 76
3826344.exe , 8.875061035156250000, 8.657836914062500000,  ,  ,  735, 681, 51
3826344.exe , 8.889404296875000000, 8.672973632812500000,  ,  ,  735, 658, 76
3826344.exe , 8.879699707031250000, 8.665405273437500000,  ,  ,  733, 664, 68
3827594.exe , 21.413818359375000000, 20.936950683593750000,  ,  ,  1679, 1608, 72
3827594.exe , 21.402160644531250000, 20.922546386718750000,  ,  ,  1681, 1614, 68
3827594.exe , 21.384460449218750000, 20.907348632812500000,  ,  ,  1672, 1620, 49
3827594.exe , 21.433715820312500000, 20.946472167968750000,  ,  ,  1679, 1623, 56
3827594.exe , 21.391601562500000000, 20.916625976562500000,  ,  ,  1677, 1615, 60
3827594.exe , 21.365844726562500000, 20.884155273437500000,  ,  ,  1673, 1635, 36
3827594.exe , 21.509094238281250000, 21.031494140625000000,  ,  ,  1677, 1634, 44
3827594.exe , 21.500305175781250000, 21.015258789062500000,  ,  ,  1677, 1634, 40
3827594.exe , 21.442810058593750000, 20.966491699218750000,  ,  ,  1671, 1618, 52
3827594.exe , 21.457458496093750000, 20.978515625000000000,  ,  ,  1672, 1621, 48
3863460.exe , 8.973876953125000000, 8.757141113281250000,  ,  ,  741, 680, 60
3863460.exe , 8.996398925781250000, 8.780700683593750000,  ,  ,  741, 694, 48
3863460.exe , 9.000854492187500000, 8.789855957031250000,  ,  ,  742, 681, 60
3863460.exe , 8.970275878906250000, 8.745788574218750000,  ,  ,  740, 670, 69
3863460.exe , 9.020874023437500000, 8.802001953125000000,  ,  ,  741, 658, 84
3863460.exe , 9.046508789062500000, 8.826965332031250000,  ,  ,  745, 671, 76
3863460.exe , 8.983520507812500000, 8.762939453125000000,  ,  ,  740, 668, 72
3863460.exe , 8.982055664062500000, 8.767150878906250000,  ,  ,  743, 662, 79
3863460.exe , 8.966003417968750000, 8.747985839843750000,  ,  ,  741, 698, 44
3863460.exe , 9.051818847656250000, 8.838562011718750000,  ,  ,  741, 671, 73
4328780.exe , 8.771240234375000000, 8.563598632812500000,  ,  ,  721, 676, 45
4328780.exe , 8.768615722656250000, 8.550170898437500000,  ,  ,  719, 661, 57
4328780.exe , 8.686584472656250000, 8.484741210937500000,  ,  ,  716, 684, 32
4328780.exe , 8.756958007812500000, 8.546569824218750000,  ,  ,  717, 683, 32
4328780.exe , 8.792114257812500000, 8.584106445312500000,  ,  ,  717, 677, 40
4328780.exe , 8.777099609375000000, 8.563476562500000000,  ,  ,  717, 661, 56
4328780.exe , 8.766357421875000000, 8.559814453125000000,  ,  ,  718, 658, 60
4328780.exe , 8.731750488281250000, 8.519714355468750000,  ,  ,  716, 665, 52
4328780.exe , 8.741516113281250000, 8.527709960937500000,  ,  ,  718, 665, 52
4328780.exe , 8.789184570312500000, 8.578857421875000000,  ,  ,  718, 671, 48
4415028.exe , 21.530029296875000000, 21.047607421875000000,  ,  ,  1677, 1614, 64
4415028.exe , 21.643066406250000000, 21.168579101562500000,  ,  ,  1682, 1616, 64
4415028.exe , 21.682617187500000000, 21.202758789062500000,  ,  ,  1687, 1635, 52
4415028.exe , 21.663085937500000000, 21.190063476562500000,  ,  ,  1679, 1616, 60
4415028.exe , 21.599426269531250000, 21.119567871093750000,  ,  ,  1682, 1627, 52
4415028.exe , 21.456359863281250000, 20.970825195312500000,  ,  ,  1676, 1611, 65
4415028.exe , 21.542236328125000000, 21.062561035156250000,  ,  ,  1683, 1627, 56
4415028.exe , 21.400512695312500000, 20.922119140625000000,  ,  ,  1677, 1628, 48
4415028.exe , 21.417419433593750000, 20.939147949218750000,  ,  ,  1674, 1615, 60
4415028.exe , 21.452148437500000000, 20.970336914062500000,  ,  ,  1678, 1626, 52
4552216.exe , 8.760131835937500000, 8.546875000000000000,  ,  ,  712, 657, 56
4552216.exe , 8.743408203125000000, 8.543579101562500000,  ,  ,  710, 655, 52
4552216.exe , 8.749572753906250000, 8.539855957031250000,  ,  ,  709, 646, 64
4552216.exe , 8.710021972656250000, 8.506103515625000000,  ,  ,  710, 644, 61
4552216.exe , 8.732421875000000000, 8.519226074218750000,  ,  ,  710, 632, 79
4552216.exe , 8.644226074218750000, 8.443359375000000000,  ,  ,  708, 651, 56
4552216.exe , 8.621398925781250000, 8.420898437500000000,  ,  ,  710, 667, 40
4552216.exe , 8.667602539062500000, 8.464233398437500000,  ,  ,  711, 663, 48
4552216.exe , 8.715576171875000000, 8.517578125000000000,  ,  ,  709, 670, 36
4552216.exe , 8.774108886718750000, 8.560852050781250000,  ,  ,  712, 666, 44
458603.exe , 8.984863281250000000, 8.775512695312500000,  ,  ,  745, 673, 72
458603.exe , 8.936462402343750000, 8.720703125000000000,  ,  ,  745, 681, 62
458603.exe , 8.915039062500000000, 8.698425292968750000,  ,  ,  745, 673, 72
458603.exe , 8.981689453125000000, 8.770874023437500000,  ,  ,  746, 667, 79
458603.exe , 8.934020996093750000, 8.719726562500000000,  ,  ,  745, 656, 87
458603.exe , 8.917541503906250000, 8.700256347656250000,  ,  ,  744, 694, 52
458603.exe , 8.960266113281250000, 8.733398437500000000,  ,  ,  745, 695, 51
458603.exe , 8.918151855468750000, 8.702026367187500000,  ,  ,  748, 670, 78
458603.exe , 8.841064453125000000, 8.623596191406250000,  ,  ,  744, 673, 68
458603.exe , 8.878601074218750000, 8.657226562500000000,  ,  ,  745, 701, 43
4637359.exe , 8.812377929687500000, 8.605163574218750000,  ,  ,  726, 639, 87
4637359.exe , 8.802917480468750000, 8.584045410156250000,  ,  ,  727, 662, 65
4637359.exe , 8.801635742187500000, 8.591979980468750000,  ,  ,  728, 670, 60
4637359.exe , 8.769836425781250000, 8.555358886718750000,  ,  ,  726, 654, 70
4637359.exe , 8.786926269531250000, 8.580627441406250000,  ,  ,  728, 683, 44
4637359.exe , 8.736816406250000000, 8.532653808593750000,  ,  ,  730, 658, 72
4637359.exe , 8.744567871093750000, 8.531127929687500000,  ,  ,  725, 680, 44
4637359.exe , 8.780456542968750000, 8.566467285156250000,  ,  ,  728, 688, 40
4637359.exe , 8.762084960937500000, 8.546875000000000000,  ,  ,  726, 686, 40
4637359.exe , 8.788452148437500000, 8.572021484375000000,  ,  ,  727, 656, 71
4656918.exe , 8.894104003906250000, 8.693481445312500000,  ,  ,  718, 660, 60
4656918.exe , 8.893798828125000000, 8.693664550781250000,  ,  ,  717, 681, 36
4656918.exe , 8.901855468750000000, 8.695556640625000000,  ,  ,  716, 666, 51
4656918.exe , 8.857360839843750000, 8.658203125000000000,  ,  ,  717, 675, 44
4656918.exe , 8.892456054687500000, 8.686035156250000000,  ,  ,  718, 661, 56
4656918.exe , 8.862976074218750000, 8.656188964843750000,  ,  ,  715, 663, 56
4656918.exe , 8.827941894531250000, 8.623901367187500000,  ,  ,  718, 684, 32
4656918.exe , 8.838317871093750000, 8.638244628906250000,  ,  ,  719, 679, 40
4656918.exe , 8.878051757812500000, 8.672973632812500000,  ,  ,  717, 680, 40
4656918.exe , 8.828491210937500000, 8.621887207031250000,  ,  ,  719, 675, 44
4939102.exe , 8.456115722656250000, 8.254455566406250000,  ,  ,  696, 651, 44
4939102.exe , 8.423950195312500000, 8.218872070312500000,  ,  ,  696, 648, 48
4939102.exe , 8.458740234375000000, 8.251892089843750000,  ,  ,  696, 642, 54
4939102.exe , 8.411132812500000000, 8.211791992187500000,  ,  ,  695, 651, 44
4939102.exe , 8.456909179687500000, 8.255493164062500000,  ,  ,  696, 656, 41
4939102.exe , 8.470153808593750000, 8.267883300781250000,  ,  ,  697, 645, 53
4939102.exe , 8.393554687500000000, 8.199951171875000000,  ,  ,  699, 659, 40
4939102.exe , 8.383972167968750000, 8.186767578125000000,  ,  ,  696, 628, 68
4939102.exe , 8.444580078125000000, 8.241577148437500000,  ,  ,  700, 645, 56
4939102.exe , 8.467895507812500000, 8.267944335937500000,  ,  ,  697, 672, 24
4990217.exe , 22.002929687500000000, 21.506530761718750000,  ,  ,  1733, 1671, 60
4990217.exe , 22.005065917968750000, 21.506530761718750000,  ,  ,  1738, 1662, 76
4990217.exe , 21.903198242187500000, 21.395751953125000000,  ,  ,  1740, 1676, 64
4990217.exe , 22.063354492187500000, 21.570922851562500000,  ,  ,  1737, 1679, 59
4990217.exe , 22.429382324218750000, 21.935607910156250000,  ,  ,  1743, 1688, 56
4990217.exe , 22.734802246093750000, 22.217956542968750000,  ,  ,  1764, 1682, 80
4990217.exe , 22.228149414062500000, 21.727661132812500000,  ,  ,  1755, 1692, 64
4990217.exe , 22.320617675781250000, 21.818664550781250000,  ,  ,  1757, 1671, 88
4990217.exe , 21.986816406250000000, 21.493164062500000000,  ,  ,  1748, 1700, 48
4990217.exe , 22.062622070312500000, 21.558227539062500000,  ,  ,  1757, 1701, 56
5120159.exe , 21.477905273437500000, 21.008117675781250000,  ,  ,  1675, 1610, 68
5120159.exe , 21.578613281250000000, 21.090515136718750000,  ,  ,  1670, 1621, 48
5120159.exe , 21.458435058593750000, 20.988342285156250000,  ,  ,  1674, 1645, 28
5120159.exe , 21.446044921875000000, 20.952392578125000000,  ,  ,  1705, 1630, 72
5120159.exe , 21.378784179687500000, 20.907714843750000000,  ,  ,  1670, 1608, 60
5120159.exe , 21.372741699218750000, 20.897399902343750000,  ,  ,  1672, 1596, 76
5120159.exe , 21.501281738281250000, 21.018798828125000000,  ,  ,  1676, 1620, 56
5120159.exe , 21.366455078125000000, 20.888061523437500000,  ,  ,  1669, 1609, 60
5120159.exe , 21.416381835937500000, 20.947387695312500000,  ,  ,  1675, 1615, 60
5120159.exe , 21.513427734375000000, 21.021728515625000000,  ,  ,  1678, 1612, 64
5214921.exe , 21.478515625000000000, 21.005432128906250000,  ,  ,  1676, 1629, 44
5214921.exe , 21.438110351562500000, 20.961791992187500000,  ,  ,  1671, 1609, 64
5214921.exe , 21.580627441406250000, 21.106140136718750000,  ,  ,  1675, 1624, 52
5214921.exe , 21.428649902343750000, 20.948181152343750000,  ,  ,  1671, 1586, 84
5214921.exe , 21.475769042968750000, 20.991638183593750000,  ,  ,  1673, 1621, 52
5214921.exe , 21.456359863281250000, 20.982666015625000000,  ,  ,  1667, 1615, 52
5214921.exe , 21.363220214843750000, 20.880676269531250000,  ,  ,  1672, 1600, 72
5214921.exe , 21.477783203125000000, 20.999877929687500000,  ,  ,  1672, 1602, 69
5214921.exe , 21.258911132812500000, 20.780456542968750000,  ,  ,  1671, 1622, 48
5214921.exe , 21.406127929687500000, 20.926513671875000000,  ,  ,  1673, 1631, 44
5368020.exe , 9.103759765625000000, 8.879150390625000000,  ,  ,  748, 687, 60
5368020.exe , 9.063781738281250000, 8.845581054687500000,  ,  ,  748, 676, 68
5368020.exe , 8.979797363281250000, 8.756530761718750000,  ,  ,  747, 710, 36
5368020.exe , 8.915222167968750000, 8.702941894531250000,  ,  ,  746, 680, 65
5368020.exe , 8.959289550781250000, 8.731384277343750000,  ,  ,  745, 690, 56
5368020.exe , 8.935363769531250000, 8.722778320312500000,  ,  ,  748, 711, 36
5368020.exe , 8.931823730468750000, 8.716308593750000000,  ,  ,  745, 708, 36
5368020.exe , 8.968811035156250000, 8.749816894531250000,  ,  ,  748, 691, 56
5368020.exe , 8.914794921875000000, 8.690368652343750000,  ,  ,  745, 684, 64
5368020.exe , 8.940979003906250000, 8.728942871093750000,  ,  ,  749, 664, 84
5618667.exe , 8.536621093750000000, 8.337219238281250000,  ,  ,  698, 659, 40
5618667.exe , 8.572875976562500000, 8.375122070312500000,  ,  ,  699, 645, 53
5618667.exe , 8.515075683593750000, 8.310607910156250000,  ,  ,  696, 656, 40
5618667.exe , 8.613159179687500000, 8.409790039062500000,  ,  ,  699, 673, 25
5618667.exe , 8.551757812500000000, 8.344848632812500000,  ,  ,  696, 648, 48
5618667.exe , 8.500366210937500000, 8.298095703125000000,  ,  ,  697, 656, 40
5618667.exe , 8.455200195312500000, 8.250854492187500000,  ,  ,  697, 636, 60
5618667.exe , 8.457397460937500000, 8.255615234375000000,  ,  ,  698, 662, 36
5618667.exe , 8.435913085937500000, 8.239440917968750000,  ,  ,  698, 648, 48
5618667.exe , 8.433105468750000000, 8.228210449218750000,  ,  ,  697, 653, 44
5768294.exe , 8.795349121093750000, 8.576965332031250000,  ,  ,  727, 644, 84
5768294.exe , 8.781311035156250000, 8.575256347656250000,  ,  ,  727, 668, 60
5768294.exe , 8.809020996093750000, 8.596496582031250000,  ,  ,  726, 657, 69
5768294.exe , 8.794250488281250000, 8.586181640625000000,  ,  ,  728, 681, 44
5768294.exe , 8.801635742187500000, 8.588989257812500000,  ,  ,  727, 675, 52
5768294.exe , 8.748352050781250000, 8.530700683593750000,  ,  ,  725, 659, 64
5768294.exe , 8.731506347656250000, 8.516662597656250000,  ,  ,  727, 674, 51
5768294.exe , 8.679016113281250000, 8.470520019531250000,  ,  ,  728, 690, 36
5768294.exe , 8.695556640625000000, 8.489990234375000000,  ,  ,  728, 684, 43
5768294.exe , 8.698425292968750000, 8.481994628906250000,  ,  ,  726, 677, 48
5777281.exe , 27.513549804687500000, 26.842163085937500000,  ,  ,  2251, 2143, 108
5777281.exe , 27.618530273437500000, 26.948730468750000000,  ,  ,  2251, 2085, 167
5777281.exe , 27.622497558593750000, 26.952392578125000000,  ,  ,  2255, 2119, 137
5777281.exe , 27.534362792968750000, 26.856750488281250000,  ,  ,  2248, 2098, 148
5777281.exe , 27.750244140625000000, 27.075622558593750000,  ,  ,  2256, 2107, 148
5777281.exe , 27.715332031250000000, 27.043151855468750000,  ,  ,  2260, 2088, 168
5777281.exe , 27.802673339843750000, 27.137207031250000000,  ,  ,  2254, 2133, 120
5777281.exe , 27.693664550781250000, 27.019409179687500000,  ,  ,  2248, 2120, 128
5777281.exe , 27.927795410156250000, 27.260803222656250000,  ,  ,  2265, 2145, 120
5777281.exe , 27.947814941406250000, 27.277648925781250000,  ,  ,  2251, 2117, 136
6107372.exe , 21.606262207031250000, 21.119750976562500000,  ,  ,  1675, 1615, 60
6107372.exe , 21.657775878906250000, 21.178161621093750000,  ,  ,  1685, 1629, 56
6107372.exe , 21.655151367187500000, 21.170166015625000000,  ,  ,  1678, 1630, 48
6107372.exe , 21.817016601562500000, 21.335205078125000000,  ,  ,  1688, 1624, 64
6107372.exe , 21.585327148437500000, 21.110168457031250000,  ,  ,  1681, 1597, 84
6107372.exe , 21.597717285156250000, 21.108825683593750000,  ,  ,  1682, 1639, 44
6107372.exe , 21.538879394531250000, 21.066406250000000000,  ,  ,  1679, 1598, 80
6107372.exe , 21.459777832031250000, 20.977600097656250000,  ,  ,  1677, 1606, 68
6107372.exe , 21.597167968750000000, 21.117675781250000000,  ,  ,  1679, 1601, 80
6107372.exe , 21.472900390625000000, 20.992980957031250000,  ,  ,  1694, 1625, 68
6239192.exe , 8.363281250000000000, 8.161926269531250000,  ,  ,  688, 628, 56
6239192.exe , 8.407531738281250000, 8.210632324218750000,  ,  ,  689, 648, 40
6239192.exe , 8.314575195312500000, 8.110961914062500000,  ,  ,  682, 660, 24
6239192.exe , 8.277893066406250000, 8.089233398437500000,  ,  ,  685, 635, 51
6239192.exe , 8.248535156250000000, 8.050231933593750000,  ,  ,  684, 637, 44
6239192.exe , 8.272827148437500000, 8.076293945312500000,  ,  ,  681, 626, 56
6239192.exe , 8.271545410156250000, 8.077758789062500000,  ,  ,  684, 637, 47
6239192.exe , 8.302612304687500000, 8.105224609375000000,  ,  ,  683, 654, 28
6239192.exe , 8.302001953125000000, 8.099548339843750000,  ,  ,  685, 648, 36
6239192.exe , 8.348815917968750000, 8.149658203125000000,  ,  ,  684, 637, 44
6345129.exe , 21.470336914062500000, 20.989624023437500000,  ,  ,  1671, 1619, 52
6345129.exe , 21.372985839843750000, 20.891845703125000000,  ,  ,  1665, 1589, 76
6345129.exe , 21.538391113281250000, 21.061279296875000000,  ,  ,  1675, 1623, 52
6345129.exe , 21.699401855468750000, 21.222900390625000000,  ,  ,  1679, 1633, 44
6345129.exe , 21.646423339843750000, 21.157592773437500000,  ,  ,  1675, 1626, 48
6345129.exe , 21.509460449218750000, 21.030883789062500000,  ,  ,  1674, 1622, 52
6345129.exe , 21.311950683593750000, 20.839782714843750000,  ,  ,  1676, 1652, 24
6345129.exe , 21.566650390625000000, 21.082702636718750000,  ,  ,  1671, 1628, 40
6345129.exe , 21.690551757812500000, 21.212951660156250000,  ,  ,  1676, 1610, 67
6345129.exe , 21.586791992187500000, 21.102539062500000000,  ,  ,  1691, 1613, 76
6507470.exe , 8.650024414062500000, 8.441345214843750000,  ,  ,  702, 651, 51
6507470.exe , 8.621704101562500000, 8.425659179687500000,  ,  ,  699, 643, 55
6507470.exe , 8.601989746093750000, 8.400878906250000000,  ,  ,  698, 631, 68
6507470.exe , 8.586364746093750000, 8.385498046875000000,  ,  ,  701, 651, 49
6507470.exe , 8.534057617187500000, 8.328857421875000000,  ,  ,  700, 653, 48
6507470.exe , 8.493591308593750000, 8.288391113281250000,  ,  ,  698, 664, 36
6507470.exe , 8.606811523437500000, 8.404968261718750000,  ,  ,  700, 654, 44
6507470.exe , 8.586853027343750000, 8.376281738281250000,  ,  ,  696, 661, 36
6507470.exe , 8.570251464843750000, 8.373962402343750000,  ,  ,  700, 656, 44
6507470.exe , 8.539855957031250000, 8.332580566406250000,  ,  ,  699, 650, 48
6724206.exe , 21.764465332031250000, 21.275207519531250000,  ,  ,  1697, 1628, 68
6724206.exe , 21.916931152343750000, 21.431823730468750000,  ,  ,  1707, 1646, 60
6724206.exe , 21.761901855468750000, 21.269836425781250000,  ,  ,  1694, 1638, 56
6724206.exe , 21.750549316406250000, 21.264343261718750000,  ,  ,  1695, 1654, 40
6724206.exe , 21.736145019531250000, 21.255798339843750000,  ,  ,  1700, 1633, 68
6724206.exe , 21.752624511718750000, 21.266235351562500000,  ,  ,  1698, 1647, 52
6724206.exe , 21.716552734375000000, 21.228942871093750000,  ,  ,  1706, 1646, 60
6724206.exe , 21.806274414062500000, 21.326477050781250000,  ,  ,  1698, 1650, 48
6724206.exe , 21.772949218750000000, 21.285522460937500000,  ,  ,  1702, 1630, 72
6724206.exe , 21.631164550781250000, 21.146789550781250000,  ,  ,  1699, 1642, 56
6781426.exe , 9.259704589843750000, 9.037292480468750000,  ,  ,  770, 681, 90
6781426.exe , 9.257629394531250000, 9.030395507812500000,  ,  ,  769, 680, 91
6781426.exe , 9.301879882812500000, 9.069702148437500000,  ,  ,  769, 705, 64
6781426.exe , 9.237243652343750000, 9.015380859375000000,  ,  ,  773, 712, 61
6781426.exe , 9.201660156250000000, 8.974426269531250000,  ,  ,  768, 696, 72
6781426.exe , 9.152709960937500000, 8.925292968750000000,  ,  ,  765, 689, 77
6781426.exe , 9.196105957031250000, 8.973571777343750000,  ,  ,  769, 704, 64
6781426.exe , 9.200561523437500000, 8.979614257812500000,  ,  ,  770, 671, 100
6781426.exe , 9.224792480468750000, 8.989013671875000000,  ,  ,  768, 701, 68
6781426.exe , 9.218505859375000000, 8.995422363281250000,  ,  ,  767, 697, 69
6832206.exe , 10.380859375000000000, 10.120910644531250000,  ,  ,  884, 817, 65
6832206.exe , 10.299682617187500000, 10.050659179687500000,  ,  ,  871, 787, 84
6832206.exe , 10.312255859375000000, 10.059814453125000000,  ,  ,  875, 799, 76
6832206.exe , 10.461059570312500000, 10.204284667968750000,  ,  ,  882, 823, 60
6832206.exe , 10.321960449218750000, 10.063049316406250000,  ,  ,  881, 814, 68
6832206.exe , 10.195495605468750000, 9.938171386718750000,  ,  ,  866, 780, 85
6832206.exe , 10.312011718750000000, 10.057495117187500000,  ,  ,  867, 808, 60
6832206.exe , 10.372924804687500000, 10.117370605468750000,  ,  ,  875, 818, 56
6832206.exe , 10.307739257812500000, 10.051574707031250000,  ,  ,  872, 824, 48
6832206.exe , 10.179077148437500000, 9.927612304687500000,  ,  ,  860, 788, 72
6947711.exe , 8.847900390625000000, 8.633361816406250000,  ,  ,  730, 678, 51
6947711.exe , 8.786193847656250000, 8.574340820312500000,  ,  ,  727, 683, 44
6947711.exe , 8.801147460937500000, 8.596679687500000000,  ,  ,  731, 659, 72
6947711.exe , 8.837707519531250000, 8.633239746093750000,  ,  ,  730, 678, 52
6947711.exe , 8.891357421875000000, 8.679260253906250000,  ,  ,  729, 672, 57
6947711.exe , 8.863403320312500000, 8.653198242187500000,  ,  ,  730, 714, 16
6947711.exe , 8.850341796875000000, 8.637573242187500000,  ,  ,  731, 641, 92
6947711.exe , 8.830383300781250000, 8.615600585937500000,  ,  ,  730, 671, 60
6947711.exe , 8.883850097656250000, 8.661804199218750000,  ,  ,  729, 686, 44
6947711.exe , 8.876037597656250000, 8.667541503906250000,  ,  ,  732, 688, 44
6963176.exe , 8.958435058593750000, 8.740051269531250000,  ,  ,  738, 686, 52
6963176.exe , 8.891845703125000000, 8.677490234375000000,  ,  ,  731, 690, 40
6963176.exe , 8.881774902343750000, 8.666809082031250000,  ,  ,  732, 676, 56
6963176.exe , 8.897277832031250000, 8.685668945312500000,  ,  ,  731, 692, 36
6963176.exe , 8.889770507812500000, 8.676452636718750000,  ,  ,  730, 674, 56
6963176.exe , 8.906250000000000000, 8.694824218750000000,  ,  ,  733, 651, 83
6963176.exe , 8.897155761718750000, 8.680786132812500000,  ,  ,  731, 679, 52
6963176.exe , 8.894165039062500000, 8.684875488281250000,  ,  ,  731, 669, 63
6963176.exe , 8.866394042968750000, 8.645996093750000000,  ,  ,  732, 663, 69
6963176.exe , 8.881103515625000000, 8.673522949218750000,  ,  ,  729, 673, 57
7028758.exe , 22.228759765625000000, 21.731140136718750000,  ,  ,  1738, 1690, 48
7028758.exe , 22.418701171875000000, 21.925659179687500000,  ,  ,  1748, 1685, 60
7028758.exe , 22.422485351562500000, 21.929138183593750000,  ,  ,  1757, 1713, 44
7028758.exe , 22.359130859375000000, 21.870178222656250000,  ,  ,  1751, 1688, 64
7028758.exe , 22.412048339843750000, 21.914916992187500000,  ,  ,  1754, 1678, 76
7028758.exe , 22.347778320312500000, 21.847534179687500000,  ,  ,  1747, 1702, 44
7028758.exe , 22.382934570312500000, 21.890075683593750000,  ,  ,  1746, 1673, 72
7028758.exe , 22.359802246093750000, 21.861389160156250000,  ,  ,  1747, 1715, 32
7028758.exe , 22.522766113281250000, 22.028259277343750000,  ,  ,  1746, 1695, 52
7028758.exe , 22.500549316406250000, 22.001953125000000000,  ,  ,  1743, 1699, 44
7256574.exe , 22.091918945312500000, 21.597900390625000000,  ,  ,  1711, 1654, 56
7256574.exe , 21.870849609375000000, 21.385986328125000000,  ,  ,  1703, 1646, 56
7256574.exe , 21.931579589843750000, 21.447082519531250000,  ,  ,  1703, 1648, 52
7256574.exe , 22.117431640625000000, 21.623901367187500000,  ,  ,  1707, 1656, 52
7256574.exe , 21.832092285156250000, 21.343994140625000000,  ,  ,  1704, 1652, 52
7256574.exe , 21.983337402343750000, 21.494079589843750000,  ,  ,  1715, 1685, 28
7256574.exe , 21.999511718750000000, 21.516723632812500000,  ,  ,  1707, 1648, 56
7256574.exe , 21.968811035156250000, 21.480407714843750000,  ,  ,  1706, 1651, 56
7256574.exe , 21.887939453125000000, 21.407104492187500000,  ,  ,  1704, 1640, 64
7256574.exe , 21.975830078125000000, 21.492065429687500000,  ,  ,  1706, 1636, 68
7616913.exe , 9.850769042968750000, 9.607910156250000000,  ,  ,  805, 715, 91
7616913.exe , 9.844665527343750000, 9.592712402343750000,  ,  ,  807, 714, 93
7616913.exe , 9.856811523437500000, 9.618774414062500000,  ,  ,  811, 708, 99
7616913.exe , 9.761047363281250000, 9.514587402343750000,  ,  ,  810, 704, 104
7616913.exe , 9.791381835937500000, 9.551147460937500000,  ,  ,  811, 736, 75
7616913.exe , 9.813659667968750000, 9.571838378906250000,  ,  ,  809, 722, 88
7616913.exe , 9.786865234375000000, 9.541870117187500000,  ,  ,  809, 703, 104
7616913.exe , 9.759094238281250000, 9.506042480468750000,  ,  ,  809, 722, 87
7616913.exe , 9.731262207031250000, 9.493041992187500000,  ,  ,  810, 697, 112
7616913.exe , 9.763366699218750000, 9.520690917968750000,  ,  ,  807, 714, 92
7640705.exe , 21.002807617187500000, 20.538879394531250000,  ,  ,  1623, 1579, 44
7640705.exe , 21.184082031250000000, 20.719909667968750000,  ,  ,  1624, 1599, 24
7640705.exe , 21.123657226562500000, 20.659729003906250000,  ,  ,  1621, 1560, 60
7640705.exe , 21.062438964843750000, 20.612487792968750000,  ,  ,  1612, 1564, 48
7640705.exe , 20.976745605468750000, 20.521789550781250000,  ,  ,  1609, 1562, 48
7640705.exe , 20.983337402343750000, 20.524719238281250000,  ,  ,  1617, 1561, 56
7640705.exe , 20.888610839843750000, 20.435485839843750000,  ,  ,  1615, 1546, 68
7640705.exe , 20.976379394531250000, 20.513732910156250000,  ,  ,  1610, 1554, 56
7640705.exe , 21.077941894531250000, 20.613464355468750000,  ,  ,  1618, 1565, 52
7640705.exe , 21.109497070312500000, 20.654602050781250000,  ,  ,  1614, 1562, 52
7857074.exe , 8.680236816406250000, 8.479980468750000000,  ,  ,  707, 659, 48
7857074.exe , 8.675109863281250000, 8.471435546875000000,  ,  ,  706, 662, 44
7857074.exe , 8.694824218750000000, 8.493530273437500000,  ,  ,  707, 654, 52
7857074.exe , 8.712829589843750000, 8.507019042968750000,  ,  ,  709, 668, 40
7857074.exe , 8.649658203125000000, 8.440734863281250000,  ,  ,  708, 669, 36
7857074.exe , 8.657958984375000000, 8.449035644531250000,  ,  ,  708, 684, 24
7857074.exe , 8.656860351562500000, 8.449951171875000000,  ,  ,  711, 671, 36
7857074.exe , 8.624389648437500000, 8.425354003906250000,  ,  ,  709, 628, 79
7857074.exe , 8.680969238281250000, 8.477416992187500000,  ,  ,  709, 649, 61
7857074.exe , 8.670959472656250000, 8.472290039062500000,  ,  ,  711, 634, 77
7955249.exe , 20.874694824218750000, 20.418640136718750000,  ,  ,  1617, 1581, 36
7955249.exe , 20.981201171875000000, 20.521545410156250000,  ,  ,  1621, 1574, 48
7955249.exe , 21.062805175781250000, 20.607482910156250000,  ,  ,  1619, 1564, 52
7955249.exe , 20.969909667968750000, 20.509887695312500000,  ,  ,  1616, 1577, 36
7955249.exe , 21.028747558593750000, 20.558715820312500000,  ,  ,  1619, 1555, 64
7955249.exe , 21.005737304687500000, 20.552856445312500000,  ,  ,  1618, 1586, 32
7955249.exe , 20.990844726562500000, 20.536926269531250000,  ,  ,  1625, 1580, 44
7955249.exe , 20.978454589843750000, 20.508728027343750000,  ,  ,  1617, 1561, 56
7955249.exe , 20.984741210937500000, 20.524047851562500000,  ,  ,  1619, 1565, 52
7955249.exe , 20.929809570312500000, 20.475769042968750000,  ,  ,  1620, 1584, 32
8127251.exe , 9.008789062500000000, 8.791259765625000000,  ,  ,  744, 665, 79
8127251.exe , 9.048095703125000000, 8.833435058593750000,  ,  ,  744, 679, 65
8127251.exe , 8.988037109375000000, 8.773925781250000000,  ,  ,  741, 707, 36
8127251.exe , 9.049377441406250000, 8.830383300781250000,  ,  ,  741, 675, 67
8127251.exe , 9.007690429687500000, 8.794189453125000000,  ,  ,  742, 698, 44
8127251.exe , 9.041198730468750000, 8.830139160156250000,  ,  ,  741, 688, 56
8127251.exe , 9.043518066406250000, 8.825439453125000000,  ,  ,  742, 682, 60
8127251.exe , 9.076965332031250000, 8.859313964843750000,  ,  ,  744, 699, 44
8127251.exe , 9.041381835937500000, 8.824645996093750000,  ,  ,  744, 691, 51
8127251.exe , 9.046447753906250000, 8.828613281250000000,  ,  ,  741, 686, 56
8289751.exe , 8.936096191406250000, 8.722717285156250000,  ,  ,  732, 672, 60
8289751.exe , 8.857849121093750000, 8.641174316406250000,  ,  ,  732, 672, 60
8289751.exe , 8.803710937500000000, 8.594726562500000000,  ,  ,  729, 668, 60
8289751.exe , 8.836181640625000000, 8.623413085937500000,  ,  ,  731, 693, 36
8289751.exe , 8.842163085937500000, 8.620239257812500000,  ,  ,  730, 694, 36
8289751.exe , 8.817321777343750000, 8.610778808593750000,  ,  ,  731, 656, 74
8289751.exe , 8.795715332031250000, 8.580322265625000000,  ,  ,  732, 655, 76
8289751.exe , 8.749511718750000000, 8.539367675781250000,  ,  ,  730, 692, 37
8289751.exe , 8.804260253906250000, 8.586242675781250000,  ,  ,  730, 682, 48
8289751.exe , 8.762817382812500000, 8.549865722656250000,  ,  ,  728, 684, 44
8334691.exe , 9.091369628906250000, 8.870056152343750000,  ,  ,  751, 697, 52
8334691.exe , 9.195922851562500000, 8.973632812500000000,  ,  ,  752, 686, 68
8334691.exe , 9.139587402343750000, 8.922912597656250000,  ,  ,  748, 671, 76
8334691.exe , 9.199096679687500000, 8.985229492187500000,  ,  ,  750, 693, 57
8334691.exe , 9.185424804687500000, 8.965209960937500000,  ,  ,  753, 693, 56
8334691.exe , 9.169982910156250000, 8.949951171875000000,  ,  ,  750, 688, 62
8334691.exe , 9.186218261718750000, 8.973449707031250000,  ,  ,  752, 683, 69
8334691.exe , 9.217590332031250000, 8.988159179687500000,  ,  ,  751, 679, 73
8334691.exe , 9.217041015625000000, 9.003601074218750000,  ,  ,  753, 702, 52
8334691.exe , 9.185058593750000000, 8.968261718750000000,  ,  ,  752, 681, 71
8388087.exe , 9.451049804687500000, 9.221008300781250000,  ,  ,  769, 697, 72
8388087.exe , 9.397094726562500000, 9.170959472656250000,  ,  ,  766, 699, 68
8388087.exe , 9.413818359375000000, 9.186035156250000000,  ,  ,  765, 722, 44
8388087.exe , 9.361450195312500000, 9.139526367187500000,  ,  ,  766, 718, 48
8388087.exe , 9.387512207031250000, 9.159301757812500000,  ,  ,  767, 709, 60
8388087.exe , 9.355957031250000000, 9.125427246093750000,  ,  ,  766, 698, 66
8388087.exe , 9.394897460937500000, 9.169677734375000000,  ,  ,  767, 716, 52
8388087.exe , 9.349060058593750000, 9.127075195312500000,  ,  ,  766, 731, 36
8388087.exe , 9.307067871093750000, 9.081481933593750000,  ,  ,  765, 701, 64
8388087.exe , 9.307128906250000000, 9.076660156250000000,  ,  ,  766, 699, 68
8558256.exe , 21.573669433593750000, 21.095520019531250000,  ,  ,  1673, 1593, 80
8558256.exe , 21.427246093750000000, 20.952819824218750000,  ,  ,  1671, 1615, 56
8558256.exe , 21.635437011718750000, 21.160705566406250000,  ,  ,  1676, 1603, 72
8558256.exe , 21.621032714843750000, 21.146667480468750000,  ,  ,  1674, 1601, 72
8558256.exe , 21.599853515625000000, 21.125732421875000000,  ,  ,  1666, 1622, 44
8558256.exe , 21.582092285156250000, 21.108825683593750000,  ,  ,  1671, 1583, 88
8558256.exe , 21.679809570312500000, 21.195129394531250000,  ,  ,  1674, 1628, 44
8558256.exe , 21.713012695312500000, 21.234252929687500000,  ,  ,  1676, 1637, 36
8558256.exe , 21.610900878906250000, 21.131896972656250000,  ,  ,  1670, 1633, 36
8558256.exe , 21.602478027343750000, 21.129821777343750000,  ,  ,  1673, 1602, 72
