1251351.exe , 65.118865966796875000, 52.501724243164062500, 0.988204956054687500,  ,  2903, 1660, 1228
1251351.exe , 64.667892456054687500, 52.102996826171875000, 0.976974487304687500,  ,  2871, 1682, 1188
1251351.exe , 65.101852416992187500, 52.561080932617187500, 0.975326538085937500,  ,  2865, 1686, 1179
1251351.exe , 65.640136718750000000, 53.021499633789062500, 0.981201171875000000,  ,  2883, 1738, 1146
1251351.exe , 65.262878417968750000, 52.756317138671875000, 0.974899291992187500,  ,  2863, 1700, 1161
1251351.exe , 66.055694580078125000, 53.478561401367187500, 0.975967407226562500,  ,  2867, 1739, 1129
1251351.exe , 65.511840820312500000, 52.886032104492187500, 0.980072021484375000,  ,  2878, 1678, 1201
1251351.exe , 65.246826171875000000, 52.702865600585937500, 0.971664428710937500,  ,  2855, 1652, 1204
1251351.exe , 65.380142211914062500, 52.734222412109375000, 0.981491088867187500,  ,  2882, 1753, 1129
1251351.exe , 64.941482543945312500, 52.398681640625000000, 0.975372314453125000,  ,  2867, 1639, 1228
1251351.exe , 65.862411499023437500, 53.252197265625000000, 0.980041503906250000,  ,  2879, 1668, 1210
1251351.exe , 64.957794189453125000, 52.492187500000000000, 0.971282958984375000,  ,  2851, 1719, 1130
1251351.exe , 64.658172607421875000, 52.112640380859375000, 0.974792480468750000,  ,  2863, 1749, 1114
1251351.exe , 65.301086425781250000, 52.688659667968750000, 0.980194091796875000,  ,  2879, 1737, 1143
1251351.exe , 65.367218017578125000, 52.759445190429687500, 0.974227905273437500,  ,  2863, 1670, 1193
1251351.exe , 65.691955566406250000, 53.222167968750000000, 0.969436645507812500,  ,  2847, 1714, 1132
1251351.exe , 65.753906250000000000, 53.196945190429687500, 0.979156494140625000,  ,  2874, 1678, 1194
1251351.exe , 64.940399169921875000, 52.427871704101562500, 0.972595214843750000,  ,  2859, 1773, 1087
1251351.exe , 64.718353271484375000, 52.246337890625000000, 0.969131469726562500,  ,  2848, 1727, 1120
1251351.exe , 65.571868896484375000, 52.995819091796875000, 0.977462768554687500,  ,  2874, 1708, 1166
1251351.exe , 65.194473266601562500, 52.625320434570312500, 0.976394653320312500,  ,  2869, 1765, 1105
1251351.exe , 65.796173095703125000, 53.305892944335937500, 0.970718383789062500,  ,  2854, 1712, 1142
1251351.exe , 65.780090332031250000, 53.113693237304687500, 0.973083496093750000,  ,  2860, 1722, 1136
1251351.exe , 66.284454345703125000, 53.507247924804687500, 0.981491088867187500,  ,  2885, 1666, 1218
1251351.exe , 66.291961669921875000, 53.543930053710937500, 0.978240966796875000,  ,  2877, 1764, 1111
1251351.exe , 66.195510864257812500, 53.524078369140625000, 0.976135253906250000,  ,  2868, 1666, 1201
1251351.exe , 66.092849731445312500, 53.493286132812500000, 0.974166870117187500,  ,  2862, 1709, 1150
1251351.exe , 66.444534301757812500, 53.681594848632812500, 0.979522705078125000,  ,  2879, 1743, 1135
1251351.exe , 65.861053466796875000, 53.164077758789062500, 0.977310180664062500,  ,  2871, 1754, 1118
1251351.exe , 65.382827758789062500, 52.805999755859375000, 0.976043701171875000,  ,  2869, 1675, 1191
1678927.exe , 23.608459472656250000, 19.150070190429687500, 0.371932983398437500,  ,  1091, 1083, 8
1678927.exe , 23.435165405273437500, 18.971969604492187500, 0.374923706054687500,  ,  1097, 1077, 20
1678927.exe , 23.702774047851562500, 19.244796752929687500, 0.372055053710937500,  ,  1091, 1073, 16
1678927.exe , 23.525924682617187500, 19.014419555664062500, 0.375076293945312500,  ,  1100, 1088, 12
1678927.exe , 24.029830932617187500, 19.665176391601562500, 0.363586425781250000,  ,  1066, 1052, 12
1678927.exe , 23.756942749023437500, 19.356765747070312500, 0.367721557617187500,  ,  1079, 1070, 8
1678927.exe , 23.592391967773437500, 19.088638305664062500, 0.374633789062500000,  ,  1098, 1083, 16
1678927.exe , 23.706359863281250000, 19.281539916992187500, 0.369003295898437500,  ,  1083, 1057, 24
1678927.exe , 23.818984985351562500, 19.375213623046875000, 0.370422363281250000,  ,  1085, 1065, 20
1678927.exe , 23.735443115234375000, 19.292327880859375000, 0.369552612304687500,  ,  1082, 1066, 16
1678927.exe , 23.699050903320312500, 19.268981933593750000, 0.370162963867187500,  ,  1086, 1083, 4
1678927.exe , 23.866287231445312500, 19.489547729492187500, 0.365798950195312500,  ,  1072, 1064, 8
1678927.exe , 23.509262084960937500, 19.028640747070312500, 0.375564575195312500,  ,  1100, 1088, 12
1678927.exe , 23.656051635742187500, 19.211044311523437500, 0.370422363281250000,  ,  1086, 1080, 4
1678927.exe , 23.630371093750000000, 19.220489501953125000, 0.367797851562500000,  ,  1078, 1067, 12
1678927.exe , 23.649841308593750000, 19.152999877929687500, 0.375549316406250000,  ,  1101, 1087, 12
1678927.exe , 23.786392211914062500, 19.349441528320312500, 0.369537353515625000,  ,  1083, 1067, 16
1678927.exe , 23.709884643554687500, 19.212615966796875000, 0.372482299804687500,  ,  1093, 1073, 20
1678927.exe , 23.776687622070312500, 19.286682128906250000, 0.370590209960937500,  ,  1087, 1075, 12
1678927.exe , 23.637939453125000000, 19.151565551757812500, 0.372589111328125000,  ,  1092, 1080, 12
1678927.exe , 23.671859741210937500, 19.187423706054687500, 0.373504638671875000,  ,  1095, 1080, 12
1678927.exe , 23.603439331054687500, 19.091583251953125000, 0.375000000000000000,  ,  1099, 1088, 12
1678927.exe , 23.759078979492187500, 19.282211303710937500, 0.369628906250000000,  ,  1082, 1065, 16
1678927.exe , 23.777648925781250000, 19.298156738281250000, 0.369964599609375000,  ,  1084, 1083, 0
1678927.exe , 23.771697998046875000, 19.296569824218750000, 0.369354248046875000,  ,  1082, 1070, 12
1678927.exe , 23.478897094726562500, 19.040878295898437500, 0.370697021484375000,  ,  1088, 1072, 16
1678927.exe , 23.640518188476562500, 19.201400756835937500, 0.371582031250000000,  ,  1088, 1082, 4
1678927.exe , 23.597778320312500000, 19.135299682617187500, 0.369110107421875000,  ,  1082, 1067, 16
1678927.exe , 23.531692504882812500, 19.097061157226562500, 0.370254516601562500,  ,  1085, 1069, 16
1678927.exe , 23.573028564453125000, 19.077636718750000000, 0.372909545898437500,  ,  1094, 1087, 8
1712113.exe , 51.441207885742187500, 41.662429809570312500, 0.795547485351562500,  ,  2338, 1248, 1090
1712113.exe , 51.698822021484375000, 41.910736083984375000, 0.792419433593750000,  ,  2328, 1282, 1045
1712113.exe , 51.854690551757812500, 42.102844238281250000, 0.794281005859375000,  ,  2333, 1316, 1018
1712113.exe , 51.778335571289062500, 42.075637817382812500, 0.794433593750000000,  ,  2334, 1245, 1089
1712113.exe , 52.080200195312500000, 42.247802734375000000, 0.797119140625000000,  ,  2341, 1312, 1031
1712113.exe , 51.918914794921875000, 42.151382446289062500, 0.798248291015625000,  ,  2345, 1297, 1049
1712113.exe , 51.763351440429687500, 41.938980102539062500, 0.797592163085937500,  ,  2342, 1297, 1047
1712113.exe , 51.447158813476562500, 41.653213500976562500, 0.796051025390625000,  ,  2338, 1303, 1036
1712113.exe , 51.843231201171875000, 41.991439819335937500, 0.798080444335937500,  ,  2345, 1295, 1051
1712113.exe , 52.097457885742187500, 42.303955078125000000, 0.790054321289062500,  ,  2321, 1400, 920
1712113.exe , 51.765014648437500000, 42.034667968750000000, 0.789077758789062500,  ,  2320, 1186, 1135
1712113.exe , 51.227920532226562500, 41.550445556640625000, 0.791732788085937500,  ,  2325, 1186, 1139
1712113.exe , 51.760559082031250000, 41.954040527343750000, 0.796585083007812500,  ,  2341, 1288, 1053
1712113.exe , 51.498275756835937500, 41.803314208984375000, 0.791168212890625000,  ,  2323, 1249, 1074
1712113.exe , 51.890502929687500000, 42.115875244140625000, 0.796096801757812500,  ,  2339, 1294, 1046
1712113.exe , 52.227890014648437500, 42.561813354492187500, 0.790756225585937500,  ,  2323, 1213, 1112
1712113.exe , 52.254440307617187500, 42.446777343750000000, 0.796646118164062500,  ,  2338, 1362, 977
1712113.exe , 52.259155273437500000, 42.392745971679687500, 0.798416137695312500,  ,  2344, 1326, 1017
1712113.exe , 51.777618408203125000, 41.934585571289062500, 0.795791625976562500,  ,  2336, 1298, 1038
1712113.exe , 51.861373901367187500, 42.078674316406250000, 0.799316406250000000,  ,  2347, 1234, 1113
1712113.exe , 53.424209594726562500, 43.704376220703125000, 0.791091918945312500,  ,  2324, 1260, 1065
1712113.exe , 52.187179565429687500, 42.529281616210937500, 0.788009643554687500,  ,  2314, 1290, 1025
1712113.exe , 52.037704467773437500, 42.205307006835937500, 0.795425415039062500,  ,  2337, 1407, 929
1712113.exe , 52.595413208007812500, 42.816879272460937500, 0.794692993164062500,  ,  2335, 1324, 1010
1712113.exe , 52.555496215820312500, 42.846969604492187500, 0.792892456054687500,  ,  2329, 1222, 1106
1712113.exe , 51.856277465820312500, 42.070007324218750000, 0.792831420898437500,  ,  2329, 1392, 936
1712113.exe , 51.919082641601562500, 42.104232788085937500, 0.797409057617187500,  ,  2343, 1273, 1067
1712113.exe , 52.398651123046875000, 42.753112792968750000, 0.785140991210937500,  ,  2308, 1260, 1048
1712113.exe , 52.357284545898437500, 42.485122680664062500, 0.796447753906250000,  ,  2339, 1297, 1043
1712113.exe , 52.030883789062500000, 42.270538330078125000, 0.794082641601562500,  ,  2333, 1303, 1030
1727347.exe , 66.159271240234375000, 53.409790039062500000, 0.980667114257812500,  ,  2882, 1739, 1142
1727347.exe , 65.532348632812500000, 52.868835449218750000, 0.970993041992187500,  ,  2854, 1672, 1182
1727347.exe , 66.327056884765625000, 53.537933349609375000, 0.975448608398437500,  ,  2866, 1663, 1204
1727347.exe , 66.794265747070312500, 53.975509643554687500, 0.982772827148437500,  ,  2887, 1770, 1117
1727347.exe , 66.427185058593750000, 53.670639038085937500, 0.980239868164062500,  ,  2881, 1730, 1151
1727347.exe , 66.501190185546875000, 53.696273803710937500, 0.977279663085937500,  ,  2872, 1808, 1061
1727347.exe , 66.488113403320312500, 53.623672485351562500, 0.978759765625000000,  ,  2877, 1694, 1184
1727347.exe , 66.205718994140625000, 53.508499145507812500, 0.973968505859375000,  ,  2863, 1686, 1179
1727347.exe , 66.681106567382812500, 53.898330688476562500, 0.978530883789062500,  ,  2877, 1696, 1182
1727347.exe , 66.576232910156250000, 53.809463500976562500, 0.980804443359375000,  ,  2883, 1720, 1164
1727347.exe , 66.723999023437500000, 53.861785888671875000, 0.979995727539062500,  ,  2881, 1709, 1170
1727347.exe , 66.441741943359375000, 53.678436279296875000, 0.980575561523437500,  ,  2881, 1674, 1207
1727347.exe , 66.623672485351562500, 53.862075805664062500, 0.973068237304687500,  ,  2859, 1721, 1139
1727347.exe , 66.615280151367187500, 53.858032226562500000, 0.977539062500000000,  ,  2873, 1693, 1179
1727347.exe , 66.406402587890625000, 53.593246459960937500, 0.977233886718750000,  ,  2874, 1735, 1138
1727347.exe , 66.427734375000000000, 53.618728637695312500, 0.980422973632812500,  ,  2881, 1678, 1205
1727347.exe , 66.253326416015625000, 53.425598144531250000, 0.978149414062500000,  ,  2873, 1742, 1131
1727347.exe , 66.550109863281250000, 53.835128784179687500, 0.973937988281250000,  ,  2864, 1715, 1146
1727347.exe , 66.693557739257812500, 53.815338134765625000, 0.981216430664062500,  ,  2883, 1693, 1190
1727347.exe , 66.130691528320312500, 53.400588989257812500, 0.976623535156250000,  ,  2870, 1713, 1156
1727347.exe , 66.624053955078125000, 53.847274780273437500, 0.975067138671875000,  ,  2865, 1643, 1222
1727347.exe , 66.075790405273437500, 53.344512939453125000, 0.977615356445312500,  ,  2875, 1711, 1161
1727347.exe , 66.830627441406250000, 53.955444335937500000, 0.978958129882812500,  ,  2876, 1714, 1160
1727347.exe , 66.204940795898437500, 53.407363891601562500, 0.973464965820312500,  ,  2862, 1686, 1176
1727347.exe , 66.638839721679687500, 53.733062744140625000, 0.982955932617187500,  ,  2888, 1743, 1146
1727347.exe , 66.422927856445312500, 53.679855346679687500, 0.976181030273437500,  ,  2869, 1767, 1102
1727347.exe , 66.640609741210937500, 53.761840820312500000, 0.978683471679687500,  ,  2875, 1701, 1174
1727347.exe , 66.374481201171875000, 53.608047485351562500, 0.978729248046875000,  ,  2878, 1693, 1184
1727347.exe , 66.634963989257812500, 53.735763549804687500, 0.979324340820312500,  ,  2879, 1713, 1166
1727347.exe , 65.873641967773437500, 53.176589965820312500, 0.970886230468750000,  ,  2855, 1697, 1156
1822881.exe , 96.517425537109375000, 77.482482910156250000, 1.422882080078125000,  ,  4187, 2393, 1793
1822881.exe , 97.200592041015625000, 78.066009521484375000, 1.428421020507812500,  ,  4201, 2344, 1855
1822881.exe , 96.851669311523437500, 77.872787475585937500, 1.426177978515625000,  ,  4196, 2333, 1862
1822881.exe , 95.646102905273437500, 76.774200439453125000, 1.425201416015625000,  ,  4196, 2313, 1884
1822881.exe , 96.614639282226562500, 77.686782836914062500, 1.425125122070312500,  ,  4192, 2355, 1838
1822881.exe , 96.467376708984375000, 77.652297973632812500, 1.417877197265625000,  ,  4170, 2334, 1837
1822881.exe , 96.999710083007812500, 78.027374267578125000, 1.426742553710937500,  ,  4197, 2317, 1879
1822881.exe , 96.793045043945312500, 77.815612792968750000, 1.426788330078125000,  ,  4196, 2318, 1877
1822881.exe , 95.502761840820312500, 76.628646850585937500, 1.426239013671875000,  ,  4194, 2329, 1868
1822881.exe , 96.964477539062500000, 77.971694946289062500, 1.428146362304687500,  ,  4201, 2366, 1835
1822881.exe , 95.305892944335937500, 76.514892578125000000, 1.421676635742187500,  ,  4182, 2359, 1821
1822881.exe , 97.041992187500000000, 77.983856201171875000, 1.429199218750000000,  ,  4203, 2416, 1788
1822881.exe , 96.945861816406250000, 78.018280029296875000, 1.419784545898437500,  ,  4175, 2372, 1804
1822881.exe , 96.011001586914062500, 77.185668945312500000, 1.424362182617187500,  ,  4190, 2359, 1831
1822881.exe , 97.516555786132812500, 78.397964477539062500, 1.434936523437500000,  ,  4218, 2301, 1918
1822881.exe , 97.187210083007812500, 78.107223510742187500, 1.423004150390625000,  ,  4185, 2305, 1879
1822881.exe , 97.158081054687500000, 78.155624389648437500, 1.420608520507812500,  ,  4178, 2348, 1830
1822881.exe , 96.206939697265625000, 77.384338378906250000, 1.421783447265625000,  ,  4182, 2331, 1852
1822881.exe , 97.500991821289062500, 78.517089843750000000, 1.422607421875000000,  ,  4184, 2327, 1857
1822881.exe , 95.872375488281250000, 76.991333007812500000, 1.427413940429687500,  ,  4199, 2321, 1877
1822881.exe , 96.616836547851562500, 77.766220092773437500, 1.425430297851562500,  ,  4195, 2308, 1886
1822881.exe , 96.784179687500000000, 77.856567382812500000, 1.425079345703125000,  ,  4192, 2343, 1849
1822881.exe , 97.028213500976562500, 77.961013793945312500, 1.426132202148437500,  ,  4195, 2330, 1865
1822881.exe , 97.128326416015625000, 78.147430419921875000, 1.429306030273437500,  ,  4202, 2332, 1871
1822881.exe , 96.857208251953125000, 77.973007202148437500, 1.423721313476562500,  ,  4188, 2333, 1853
1822881.exe , 96.125976562500000000, 77.272277832031250000, 1.422363281250000000,  ,  4184, 2293, 1892
1822881.exe , 97.158706665039062500, 78.098495483398437500, 1.426910400390625000,  ,  4197, 2344, 1854
1822881.exe , 96.724975585937500000, 77.745239257812500000, 1.424346923828125000,  ,  4188, 2359, 1832
1822881.exe , 96.814590454101562500, 77.702529907226562500, 1.426895141601562500,  ,  4198, 2346, 1851
1822881.exe , 96.232666015625000000, 77.205886840820312500, 1.425399780273437500,  ,  4191, 2245, 1948
1850469.exe , 16.360244750976562500, 13.085708618164062500, 0.270812988281250000,  ,  792, 781, 12
1850469.exe , 16.420288085937500000, 13.133270263671875000, 0.271255493164062500,  ,  793, 783, 8
1850469.exe , 16.540802001953125000, 13.214111328125000000, 0.273269653320312500,  ,  799, 788, 12
1850469.exe , 16.422760009765625000, 13.122940063476562500, 0.272689819335937500,  ,  797, 783, 12
1850469.exe , 16.311614990234375000, 12.976089477539062500, 0.274429321289062500,  ,  806, 786, 20
1850469.exe , 16.418914794921875000, 13.171829223632812500, 0.268249511718750000,  ,  786, 763, 20
1850469.exe , 16.263244628906250000, 12.938751220703125000, 0.273910522460937500,  ,  803, 780, 20
1850469.exe , 16.519256591796875000, 13.243865966796875000, 0.269500732421875000,  ,  789, 769, 16
1850469.exe , 16.525115966796875000, 13.205535888671875000, 0.272293090820312500,  ,  797, 786, 8
1850469.exe , 16.404983520507812500, 13.128890991210937500, 0.270874023437500000,  ,  792, 785, 4
1850469.exe , 16.385253906250000000, 13.125595092773437500, 0.270950317382812500,  ,  794, 782, 8
1850469.exe , 16.341857910156250000, 13.009170532226562500, 0.274185180664062500,  ,  803, 800, 4
1850469.exe , 16.423355102539062500, 13.145111083984375000, 0.270492553710937500,  ,  792, 788, 0
1850469.exe , 16.282211303710937500, 12.933074951171875000, 0.275299072265625000,  ,  805, 784, 20
1850469.exe , 16.641815185546875000, 13.469909667968750000, 0.262008666992187500,  ,  767, 756, 8
1850469.exe , 16.289962768554687500, 12.942260742187500000, 0.275421142578125000,  ,  805, 787, 16
1850469.exe , 16.327026367187500000, 13.050872802734375000, 0.270782470703125000,  ,  792, 777, 12
1850469.exe , 16.315063476562500000, 12.986663818359375000, 0.275070190429687500,  ,  804, 789, 16
1850469.exe , 16.331085205078125000, 13.018341064453125000, 0.273284912109375000,  ,  802, 786, 12
1850469.exe , 16.295120239257812500, 13.016510009765625000, 0.271774291992187500,  ,  795, 785, 8
1850469.exe , 16.427520751953125000, 13.073608398437500000, 0.274887084960937500,  ,  805, 790, 16
1850469.exe , 16.406936645507812500, 13.149490356445312500, 0.269439697265625000,  ,  788, 787, 0
1850469.exe , 16.290924072265625000, 12.960906982421875000, 0.274093627929687500,  ,  804, 789, 12
1850469.exe , 16.299362182617187500, 12.989410400390625000, 0.273742675781250000,  ,  802, 790, 8
1850469.exe , 16.425857543945312500, 13.160995483398437500, 0.270675659179687500,  ,  793, 785, 4
1850469.exe , 16.444549560546875000, 13.142486572265625000, 0.272079467773437500,  ,  797, 778, 20
1850469.exe , 16.399490356445312500, 13.147476196289062500, 0.269210815429687500,  ,  787, 779, 8
1850469.exe , 16.215621948242187500, 12.914230346679687500, 0.273635864257812500,  ,  802, 794, 8
1850469.exe , 16.327514648437500000, 13.007049560546875000, 0.274978637695312500,  ,  805, 789, 16
1850469.exe , 16.284957885742187500, 12.948471069335937500, 0.274627685546875000,  ,  806, 787, 16
2233911.exe , 93.007278442382812500, 74.612380981445312500, 1.380325317382812500,  ,  4060, 2212, 1848
2233911.exe , 93.498535156250000000, 74.985504150390625000, 1.381347656250000000,  ,  4062, 2266, 1795
2233911.exe , 93.058624267578125000, 74.744445800781250000, 1.378417968750000000,  ,  4056, 2188, 1867
2233911.exe , 93.250869750976562500, 74.965637207031250000, 1.376693725585937500,  ,  4049, 2215, 1834
2233911.exe , 92.892669677734375000, 74.603469848632812500, 1.374603271484375000,  ,  4043, 2232, 1811
2233911.exe , 94.636795043945312500, 75.905075073242187500, 1.392059326171875000,  ,  4095, 2166, 1928
2233911.exe , 93.445465087890625000, 74.987701416015625000, 1.382797241210937500,  ,  4068, 2213, 1855
2233911.exe , 94.111633300781250000, 75.725799560546875000, 1.376434326171875000,  ,  4051, 2163, 1888
2233911.exe , 93.527267456054687500, 75.095886230468750000, 1.382064819335937500,  ,  4065, 2128, 1936
2233911.exe , 93.653656005859375000, 75.129180908203125000, 1.381790161132812500,  ,  4061, 2247, 1815
2233911.exe , 93.949645996093750000, 75.411972045898437500, 1.378540039062500000,  ,  4052, 2261, 1791
2233911.exe , 93.578338623046875000, 75.175338745117187500, 1.377502441406250000,  ,  4050, 2180, 1872
2233911.exe , 93.372131347656250000, 74.851882934570312500, 1.377761840820312500,  ,  4053, 2207, 1847
2233911.exe , 93.977096557617187500, 75.458801269531250000, 1.378616333007812500,  ,  4055, 2214, 1841
2233911.exe , 93.082733154296875000, 74.781890869140625000, 1.378646850585937500,  ,  4055, 2266, 1788
2233911.exe , 94.027084350585937500, 75.593063354492187500, 1.380126953125000000,  ,  4061, 2287, 1776
2233911.exe , 93.677276611328125000, 75.259994506835937500, 1.379348754882812500,  ,  4057, 2220, 1836
2233911.exe , 94.494659423828125000, 75.814514160156250000, 1.388458251953125000,  ,  4083, 2175, 1907
2233911.exe , 94.056777954101562500, 75.420547485351562500, 1.388183593750000000,  ,  4082, 2242, 1840
2233911.exe , 93.773040771484375000, 75.355819702148437500, 1.384704589843750000,  ,  4071, 2182, 1890
2233911.exe , 93.441345214843750000, 75.072204589843750000, 1.382400512695312500,  ,  4067, 2173, 1895
2233911.exe , 94.265930175781250000, 75.739013671875000000, 1.380706787109375000,  ,  4061, 2171, 1891
2233911.exe , 93.284164428710937500, 74.864700317382812500, 1.376281738281250000,  ,  4050, 2214, 1834
2233911.exe , 93.204177856445312500, 74.823593139648437500, 1.378982543945312500,  ,  4056, 2225, 1831
2233911.exe , 93.891921997070312500, 75.371887207031250000, 1.380035400390625000,  ,  4059, 2145, 1914
2233911.exe , 93.933715820312500000, 75.342666625976562500, 1.379684448242187500,  ,  4057, 2209, 1847
2233911.exe , 93.322219848632812500, 75.008987426757812500, 1.375442504882812500,  ,  4046, 2250, 1796
2233911.exe , 94.400405883789062500, 75.815322875976562500, 1.383316040039062500,  ,  4068, 2216, 1853
2233911.exe , 93.754898071289062500, 75.142089843750000000, 1.383132934570312500,  ,  4068, 2201, 1866
2233911.exe , 93.372680664062500000, 74.901367187500000000, 1.381713867187500000,  ,  4063, 2193, 1871
2372143.exe , 21.540954589843750000, 17.265045166015625000, 0.351364135742187500,  ,  1031, 1016, 16
2372143.exe , 21.709533691406250000, 17.425842285156250000, 0.350891113281250000,  ,  1028, 1012, 16
2372143.exe , 21.475845336914062500, 17.217575073242187500, 0.352081298828125000,  ,  1034, 1018, 16
2372143.exe , 21.541839599609375000, 17.329437255859375000, 0.348663330078125000,  ,  1023, 1011, 8
2372143.exe , 21.598236083984375000, 17.304016113281250000, 0.352828979492187500,  ,  1035, 1021, 12
2372143.exe , 21.637374877929687500, 17.443450927734375000, 0.346435546875000000,  ,  1015, 1005, 8
2372143.exe , 21.612014770507812500, 17.356201171875000000, 0.351394653320312500,  ,  1031, 1012, 16
2372143.exe , 21.453872680664062500, 17.170150756835937500, 0.352035522460937500,  ,  1033, 1016, 16
2372143.exe , 21.491043090820312500, 17.262237548828125000, 0.349563598632812500,  ,  1023, 1014, 8
2372143.exe , 21.620895385742187500, 17.349594116210937500, 0.352157592773437500,  ,  1033, 1013, 20
2372143.exe , 21.644165039062500000, 17.397155761718750000, 0.350006103515625000,  ,  1027, 1010, 16
2372143.exe , 21.495941162109375000, 17.256866455078125000, 0.349334716796875000,  ,  1025, 1009, 16
2372143.exe , 21.414993286132812500, 17.159027099609375000, 0.350982666015625000,  ,  1028, 1022, 4
2372143.exe , 21.467376708984375000, 17.178695678710937500, 0.352203369140625000,  ,  1033, 1017, 16
2372143.exe , 21.537292480468750000, 17.288238525390625000, 0.350509643554687500,  ,  1028, 1020, 8
2372143.exe , 21.754608154296875000, 17.486801147460937500, 0.351196289062500000,  ,  1028, 1010, 16
2372143.exe , 21.533096313476562500, 17.231033325195312500, 0.353698730468750000,  ,  1037, 1013, 24
2372143.exe , 21.522964477539062500, 17.203796386718750000, 0.354415893554687500,  ,  1039, 1027, 12
2372143.exe , 21.695785522460937500, 17.487792968750000000, 0.347030639648437500,  ,  1019, 1007, 12
2372143.exe , 21.655197143554687500, 17.407470703125000000, 0.350296020507812500,  ,  1028, 1013, 16
2372143.exe , 21.586959838867187500, 17.366836547851562500, 0.349029541015625000,  ,  1022, 1019, 4
2372143.exe , 21.618530273437500000, 17.299621582031250000, 0.354431152343750000,  ,  1038, 1032, 4
2372143.exe , 21.695312500000000000, 17.414779663085937500, 0.351028442382812500,  ,  1029, 1015, 12
2372143.exe , 21.743728637695312500, 17.452804565429687500, 0.351242065429687500,  ,  1031, 1012, 16
2372143.exe , 21.759918212890625000, 17.424758911132812500, 0.354721069335937500,  ,  1039, 1013, 28
2372143.exe , 21.597869873046875000, 17.366271972656250000, 0.349777221679687500,  ,  1024, 1009, 12
2372143.exe , 21.772857666015625000, 17.565200805664062500, 0.347869873046875000,  ,  1020, 1003, 16
2372143.exe , 21.591781616210937500, 17.324142456054687500, 0.353195190429687500,  ,  1033, 1019, 16
2372143.exe , 21.846862792968750000, 17.651626586914062500, 0.347076416015625000,  ,  1017, 1010, 4
2372143.exe , 21.724685668945312500, 17.436599731445312500, 0.351577758789062500,  ,  1030, 1017, 12
2379673.exe , 75.211578369140625000, 60.876022338867187500, 1.095046997070312500,  ,  3218, 1296, 1922
2379673.exe , 72.768859863281250000, 58.777816772460937500, 1.078872680664062500,  ,  3171, 1317, 1854
2379673.exe , 72.807937622070312500, 58.825988769531250000, 1.078720092773437500,  ,  3172, 1374, 1799
2379673.exe , 73.432144165039062500, 59.426788330078125000, 1.080841064453125000,  ,  3176, 1303, 1873
2379673.exe , 73.470733642578125000, 59.374771118164062500, 1.085800170898437500,  ,  3192, 1368, 1825
2379673.exe , 73.536407470703125000, 59.498596191406250000, 1.082534790039062500,  ,  3183, 1341, 1842
2379673.exe , 72.831466674804687500, 58.805633544921875000, 1.083862304687500000,  ,  3185, 1313, 1873
2379673.exe , 73.440109252929687500, 59.448242187500000000, 1.079833984375000000,  ,  3176, 1273, 1902
2379673.exe , 74.543090820312500000, 60.337860107421875000, 1.089385986328125000,  ,  3203, 1338, 1864
2379673.exe , 73.727233886718750000, 59.590499877929687500, 1.083068847656250000,  ,  3183, 1316, 1869
2379673.exe , 73.565734863281250000, 59.423522949218750000, 1.092193603515625000,  ,  3213, 1347, 1866
2379673.exe , 74.016189575195312500, 59.849411010742187500, 1.085769653320312500,  ,  3192, 1347, 1846
2379673.exe , 73.907653808593750000, 59.733856201171875000, 1.091552734375000000,  ,  3210, 1347, 1862
2379673.exe , 73.285476684570312500, 59.306243896484375000, 1.077255249023437500,  ,  3167, 1348, 1820
2379673.exe , 73.559082031250000000, 59.502349853515625000, 1.085952758789062500,  ,  3196, 1264, 1929
2379673.exe , 73.104782104492187500, 59.133728027343750000, 1.075592041015625000,  ,  3163, 1396, 1768
2379673.exe , 73.454711914062500000, 59.489959716796875000, 1.077819824218750000,  ,  3167, 1294, 1875
2379673.exe , 73.088348388671875000, 59.072494506835937500, 1.080108642578125000,  ,  3178, 1333, 1846
2379673.exe , 73.418640136718750000, 59.320205688476562500, 1.083435058593750000,  ,  3185, 1334, 1851
2379673.exe , 73.526840209960937500, 59.580291748046875000, 1.077911376953125000,  ,  3171, 1335, 1835
2379673.exe , 72.980194091796875000, 58.947830200195312500, 1.082244873046875000,  ,  3183, 1321, 1863
2379673.exe , 72.910690307617187500, 58.940643310546875000, 1.078048706054687500,  ,  3169, 1369, 1800
2379673.exe , 73.080886840820312500, 59.017807006835937500, 1.085342407226562500,  ,  3190, 1338, 1853
2379673.exe , 72.867584228515625000, 58.891860961914062500, 1.078369140625000000,  ,  3171, 1284, 1887
2379673.exe , 73.807342529296875000, 59.674530029296875000, 1.084121704101562500,  ,  3183, 1330, 1856
2379673.exe , 73.758911132812500000, 59.737609863281250000, 1.079010009765625000,  ,  3174, 1302, 1871
2379673.exe , 72.947174072265625000, 58.931365966796875000, 1.080856323242187500,  ,  3177, 1354, 1823
2379673.exe , 73.409225463867187500, 59.464111328125000000, 1.077438354492187500,  ,  3166, 1300, 1868
2379673.exe , 73.706588745117187500, 59.515396118164062500, 1.085266113281250000,  ,  3190, 1301, 1890
2379673.exe , 73.159454345703125000, 59.108291625976562500, 1.082763671875000000,  ,  3185, 1322, 1863
2467040.exe , 85.072601318359375000, 68.350341796875000000, 1.235214233398437500,  ,  3633, 1833, 1800
2467040.exe , 84.840698242187500000, 68.104843139648437500, 1.244735717773437500,  ,  3658, 1762, 1897
2467040.exe , 84.836730957031250000, 68.217605590820312500, 1.236007690429687500,  ,  3634, 1713, 1921
2467040.exe , 84.202056884765625000, 67.605758666992187500, 1.230621337890625000,  ,  3620, 1742, 1878
2467040.exe , 84.307785034179687500, 67.679138183593750000, 1.232421875000000000,  ,  3626, 1807, 1818
2467040.exe , 85.221343994140625000, 68.436096191406250000, 1.247238159179687500,  ,  3665, 1840, 1827
2467040.exe , 84.287063598632812500, 67.650299072265625000, 1.237045288085937500,  ,  3638, 1810, 1827
2467040.exe , 85.187133789062500000, 68.547271728515625000, 1.238327026367187500,  ,  3643, 1812, 1829
2467040.exe , 85.131423950195312500, 68.348373413085937500, 1.238113403320312500,  ,  3641, 1756, 1886
2467040.exe , 85.898483276367187500, 69.090347290039062500, 1.237792968750000000,  ,  3639, 1784, 1857
2467040.exe , 85.441635131835937500, 68.672424316406250000, 1.244766235351562500,  ,  3659, 1809, 1849
2467040.exe , 84.840545654296875000, 68.169754028320312500, 1.236389160156250000,  ,  3636, 1821, 1813
2467040.exe , 86.128585815429687500, 69.432388305664062500, 1.238327026367187500,  ,  3641, 1760, 1883
2467040.exe , 85.990142822265625000, 69.244338989257812500, 1.243530273437500000,  ,  3656, 1838, 1818
2467040.exe , 84.859664916992187500, 68.264831542968750000, 1.232894897460937500,  ,  3626, 1797, 1830
2467040.exe , 84.410888671875000000, 67.779678344726562500, 1.234359741210937500,  ,  3631, 1778, 1853
2467040.exe , 85.023071289062500000, 68.402709960937500000, 1.235198974609375000,  ,  3634, 1782, 1850
2467040.exe , 84.653823852539062500, 68.070419311523437500, 1.233245849609375000,  ,  3628, 1815, 1811
2467040.exe , 84.152633666992187500, 67.526397705078125000, 1.237197875976562500,  ,  3636, 1799, 1837
2467040.exe , 84.914321899414062500, 68.344848632812500000, 1.231246948242187500,  ,  3623, 1771, 1850
2467040.exe , 84.557220458984375000, 67.871246337890625000, 1.238677978515625000,  ,  3642, 1787, 1856
2467040.exe , 84.861251831054687500, 68.204971313476562500, 1.238174438476562500,  ,  3642, 1765, 1878
2467040.exe , 84.682693481445312500, 68.012664794921875000, 1.236633300781250000,  ,  3637, 1807, 1829
2467040.exe , 85.157974243164062500, 68.542175292968750000, 1.232528686523437500,  ,  3625, 1807, 1819
2467040.exe , 85.187896728515625000, 68.565322875976562500, 1.231338500976562500,  ,  3624, 1756, 1866
2467040.exe , 85.351135253906250000, 68.673904418945312500, 1.234786987304687500,  ,  3632, 1819, 1813
2467040.exe , 84.727325439453125000, 68.069793701171875000, 1.234481811523437500,  ,  3628, 1788, 1840
2467040.exe , 85.490234375000000000, 68.768936157226562500, 1.240814208984375000,  ,  3650, 1820, 1830
2467040.exe , 86.075592041015625000, 69.301681518554687500, 1.247177124023437500,  ,  3667, 1778, 1890
2467040.exe , 85.533401489257812500, 68.774139404296875000, 1.238769531250000000,  ,  3641, 1763, 1880
2526872.exe , 33.282882690429687500, 27.327087402343750000, 0.487640380859375000,  ,  1430, 1415, 12
2526872.exe , 33.522506713867187500, 27.586914062500000000, 0.486724853515625000,  ,  1429, 1421, 8
2526872.exe , 33.135147094726562500, 27.176773071289062500, 0.489898681640625000,  ,  1436, 1417, 20
2526872.exe , 33.115112304687500000, 27.230056762695312500, 0.485961914062500000,  ,  1426, 1414, 12
2526872.exe , 33.186843872070312500, 27.182739257812500000, 0.491165161132812500,  ,  1439, 1413, 24
2526872.exe , 33.179946899414062500, 27.208648681640625000, 0.489639282226562500,  ,  1437, 1422, 16
2526872.exe , 33.160110473632812500, 27.256881713867187500, 0.486022949218750000,  ,  1424, 1416, 8
2526872.exe , 33.196044921875000000, 27.325119018554687500, 0.482727050781250000,  ,  1417, 1408, 8
2526872.exe , 33.191284179687500000, 27.206039428710937500, 0.490631103515625000,  ,  1440, 1424, 16
2526872.exe , 33.807342529296875000, 27.919097900390625000, 0.480575561523437500,  ,  1410, 1405, 4
2526872.exe , 33.240844726562500000, 27.390670776367187500, 0.482177734375000000,  ,  1415, 1406, 8
2526872.exe , 33.181701660156250000, 27.180160522460937500, 0.490356445312500000,  ,  1439, 1414, 24
2526872.exe , 33.443222045898437500, 27.462066650390625000, 0.489105224609375000,  ,  1435, 1427, 8
2526872.exe , 33.540771484375000000, 27.586486816406250000, 0.484634399414062500,  ,  1422, 1414, 8
2526872.exe , 33.424697875976562500, 27.443298339843750000, 0.487548828125000000,  ,  1431, 1411, 20
2526872.exe , 33.346542358398437500, 27.338958740234375000, 0.490890502929687500,  ,  1439, 1418, 20
2526872.exe , 33.568649291992187500, 27.621566772460937500, 0.484466552734375000,  ,  1422, 1418, 0
2526872.exe , 33.282974243164062500, 27.297409057617187500, 0.490417480468750000,  ,  1439, 1427, 12
2526872.exe , 33.244491577148437500, 27.234619140625000000, 0.490829467773437500,  ,  1440, 1432, 8
2526872.exe , 33.297897338867187500, 27.298461914062500000, 0.490890502929687500,  ,  1440, 1424, 12
2526872.exe , 33.342239379882812500, 27.348022460937500000, 0.490829467773437500,  ,  1439, 1426, 12
2526872.exe , 33.376419067382812500, 27.425064086914062500, 0.488311767578125000,  ,  1433, 1413, 16
2526872.exe , 33.089462280273437500, 27.182067871093750000, 0.485824584960937500,  ,  1427, 1407, 20
2526872.exe , 33.346267700195312500, 27.356231689453125000, 0.490890502929687500,  ,  1439, 1425, 12
2526872.exe , 33.106201171875000000, 27.218750000000000000, 0.484939575195312500,  ,  1424, 1410, 12
2526872.exe , 33.181579589843750000, 27.166244506835937500, 0.490585327148437500,  ,  1440, 1418, 20
2526872.exe , 33.551696777343750000, 27.648025512695312500, 0.484039306640625000,  ,  1420, 1406, 12
2526872.exe , 33.331512451171875000, 27.425033569335937500, 0.486175537109375000,  ,  1427, 1421, 4
2526872.exe , 33.335906982421875000, 27.409210205078125000, 0.485900878906250000,  ,  1427, 1410, 16
2526872.exe , 33.260726928710937500, 27.360565185546875000, 0.486648559570312500,  ,  1428, 1417, 12
2559658.exe , 31.036865234375000000, 25.420089721679687500, 0.463012695312500000,  ,  1358, 1332, 24
2559658.exe , 31.225982666015625000, 25.608764648437500000, 0.461318969726562500,  ,  1353, 1339, 12
2559658.exe , 31.279357910156250000, 25.724899291992187500, 0.456985473632812500,  ,  1341, 1329, 12
2559658.exe , 31.001083374023437500, 25.417953491210937500, 0.459732055664062500,  ,  1349, 1333, 16
2559658.exe , 31.301620483398437500, 25.696136474609375000, 0.461883544921875000,  ,  1357, 1341, 16
2559658.exe , 31.258804321289062500, 25.677261352539062500, 0.460266113281250000,  ,  1351, 1321, 28
2559658.exe , 31.155090332031250000, 25.576660156250000000, 0.459350585937500000,  ,  1348, 1321, 24
2559658.exe , 31.409957885742187500, 25.794616699218750000, 0.460189819335937500,  ,  1348, 1329, 20
2559658.exe , 31.361297607421875000, 25.771606445312500000, 0.459091186523437500,  ,  1349, 1331, 16
2559658.exe , 31.607574462890625000, 26.045288085937500000, 0.458450317382812500,  ,  1345, 1341, 4
2559658.exe , 31.599960327148437500, 26.075759887695312500, 0.453155517578125000,  ,  1330, 1321, 8
2559658.exe , 31.399017333984375000, 25.863998413085937500, 0.457504272460937500,  ,  1343, 1323, 20
2559658.exe , 30.898925781250000000, 25.278915405273437500, 0.462951660156250000,  ,  1358, 1337, 20
2559658.exe , 31.053756713867187500, 25.464614868164062500, 0.459915161132812500,  ,  1350, 1338, 12
2559658.exe , 31.202819824218750000, 25.638671875000000000, 0.459182739257812500,  ,  1349, 1336, 12
2559658.exe , 31.079513549804687500, 25.507598876953125000, 0.460021972656250000,  ,  1350, 1334, 16
2559658.exe , 31.380111694335937500, 25.778533935546875000, 0.460067749023437500,  ,  1350, 1324, 24
2559658.exe , 30.985641479492187500, 25.378677368164062500, 0.461181640625000000,  ,  1355, 1333, 20
2559658.exe , 31.318206787109375000, 25.777862548828125000, 0.457015991210937500,  ,  1339, 1325, 12
2559658.exe , 30.844833374023437500, 25.236587524414062500, 0.461837768554687500,  ,  1356, 1328, 28
2559658.exe , 31.292434692382812500, 25.699951171875000000, 0.460525512695312500,  ,  1352, 1340, 12
2559658.exe , 31.392196655273437500, 25.799438476562500000, 0.460678100585937500,  ,  1354, 1326, 28
2559658.exe , 31.144226074218750000, 25.565109252929687500, 0.459564208984375000,  ,  1349, 1334, 16
2559658.exe , 31.593887329101562500, 25.966156005859375000, 0.460403442382812500,  ,  1350, 1336, 12
2559658.exe , 31.197769165039062500, 25.605621337890625000, 0.459274291992187500,  ,  1349, 1325, 20
2559658.exe , 31.151062011718750000, 25.566314697265625000, 0.459411621093750000,  ,  1347, 1331, 16
2559658.exe , 31.031753540039062500, 25.430541992187500000, 0.461441040039062500,  ,  1354, 1327, 24
2559658.exe , 31.032943725585937500, 25.436431884765625000, 0.460205078125000000,  ,  1351, 1333, 16
2559658.exe , 31.416015625000000000, 25.874038696289062500, 0.456970214843750000,  ,  1340, 1328, 12
2559658.exe , 31.045104980468750000, 25.467666625976562500, 0.459014892578125000,  ,  1347, 1331, 16
2595156.exe , 90.159286499023437500, 73.129394531250000000, 1.317153930664062500,  ,  3874, 2046, 1828
2595156.exe , 89.649841308593750000, 72.720748901367187500, 1.306625366210937500,  ,  3845, 1972, 1873
2595156.exe , 88.867263793945312500, 72.029525756835937500, 1.306274414062500000,  ,  3842, 1995, 1846
2595156.exe , 88.485473632812500000, 71.652496337890625000, 1.308654785156250000,  ,  3849, 1974, 1875
2595156.exe , 89.183151245117187500, 72.346496582031250000, 1.313339233398437500,  ,  3861, 1970, 1895
2595156.exe , 88.617294311523437500, 71.822128295898437500, 1.306869506835937500,  ,  3843, 1964, 1879
2595156.exe , 88.657562255859375000, 71.921112060546875000, 1.304473876953125000,  ,  3838, 2055, 1784
2595156.exe , 89.208251953125000000, 72.370223999023437500, 1.304260253906250000,  ,  3836, 2019, 1816
2595156.exe , 88.430541992187500000, 71.615814208984375000, 1.309524536132812500,  ,  3852, 1960, 1893
2595156.exe , 89.252059936523437500, 72.381195068359375000, 1.307983398437500000,  ,  3847, 1949, 1899
2595156.exe , 88.426361083984375000, 71.636291503906250000, 1.307586669921875000,  ,  3846, 2034, 1814
2595156.exe , 88.651718139648437500, 71.916625976562500000, 1.304885864257812500,  ,  3838, 2028, 1812
2595156.exe , 89.547027587890625000, 72.591812133789062500, 1.313293457031250000,  ,  3862, 1968, 1894
2595156.exe , 88.660415649414062500, 71.856460571289062500, 1.306945800781250000,  ,  3844, 2014, 1832
2595156.exe , 89.483978271484375000, 72.527587890625000000, 1.309280395507812500,  ,  3851, 1978, 1873
2595156.exe , 88.313812255859375000, 71.542068481445312500, 1.306015014648437500,  ,  3839, 1946, 1895
2595156.exe , 88.707565307617187500, 71.981964111328125000, 1.306838989257812500,  ,  3843, 1998, 1844
2595156.exe , 88.122909545898437500, 71.356628417968750000, 1.307266235351562500,  ,  3846, 1981, 1865
2595156.exe , 88.665664672851562500, 71.938476562500000000, 1.305038452148437500,  ,  3840, 1947, 1893
2595156.exe , 88.678649902343750000, 71.939743041992187500, 1.306732177734375000,  ,  3844, 1991, 1853
2595156.exe , 88.301208496093750000, 71.555740356445312500, 1.305908203125000000,  ,  3842, 2017, 1825
2595156.exe , 89.270889282226562500, 72.568389892578125000, 1.301803588867187500,  ,  3828, 2052, 1776
2595156.exe , 89.303497314453125000, 72.481002807617187500, 1.308151245117187500,  ,  3849, 1987, 1862
2595156.exe , 89.146972656250000000, 72.186645507812500000, 1.306243896484375000,  ,  3839, 2002, 1837
2595156.exe , 90.011901855468750000, 73.107376098632812500, 1.306488037109375000,  ,  3841, 2045, 1799
2595156.exe , 88.430435180664062500, 71.648208618164062500, 1.305938720703125000,  ,  3843, 1973, 1870
2595156.exe , 88.791336059570312500, 72.086212158203125000, 1.303497314453125000,  ,  3834, 1974, 1860
2595156.exe , 89.557250976562500000, 72.576400756835937500, 1.311264038085937500,  ,  3855, 2015, 1843
2595156.exe , 88.379135131835937500, 71.549072265625000000, 1.310577392578125000,  ,  3856, 2021, 1835
2595156.exe , 88.648239135742187500, 71.902481079101562500, 1.302917480468750000,  ,  3835, 1986, 1851
2630421.exe , 64.703292846679687500, 52.112747192382812500, 0.950942993164062500,  ,  2796, 1622, 1175
2630421.exe , 65.303878784179687500, 52.806884765625000000, 0.950012207031250000,  ,  2791, 1668, 1122
2630421.exe , 65.955383300781250000, 53.414627075195312500, 0.947921752929687500,  ,  2784, 1633, 1150
2630421.exe , 65.375335693359375000, 52.790954589843750000, 0.952468872070312500,  ,  2799, 1601, 1199
2630421.exe , 65.587783813476562500, 53.009323120117187500, 0.949417114257812500,  ,  2791, 1588, 1203
2630421.exe , 65.240707397460937500, 52.614486694335937500, 0.949523925781250000,  ,  2790, 1666, 1123
2630421.exe , 65.720886230468750000, 53.288650512695312500, 0.946319580078125000,  ,  2780, 1609, 1170
2630421.exe , 65.181320190429687500, 52.757888793945312500, 0.947387695312500000,  ,  2783, 1615, 1171
2630421.exe , 64.612304687500000000, 52.180572509765625000, 0.943634033203125000,  ,  2773, 1570, 1204
2630421.exe , 65.190002441406250000, 52.598571777343750000, 0.947326660156250000,  ,  2783, 1622, 1161
2630421.exe , 65.483581542968750000, 52.994674682617187500, 0.945846557617187500,  ,  2781, 1577, 1205
2630421.exe , 65.143020629882812500, 52.524261474609375000, 0.950683593750000000,  ,  2796, 1562, 1232
2630421.exe , 64.668609619140625000, 52.188537597656250000, 0.947738647460937500,  ,  2784, 1594, 1192
2630421.exe , 65.393188476562500000, 52.732604980468750000, 0.951736450195312500,  ,  2797, 1675, 1123
2630421.exe , 65.902603149414062500, 53.289184570312500000, 0.951324462890625000,  ,  2796, 1646, 1150
2630421.exe , 65.999557495117187500, 53.341354370117187500, 0.954162597656250000,  ,  2805, 1642, 1161
2630421.exe , 65.844161987304687500, 53.176040649414062500, 0.955505371093750000,  ,  2809, 1579, 1229
2630421.exe , 65.260116577148437500, 52.651443481445312500, 0.950286865234375000,  ,  2791, 1641, 1151
2630421.exe , 64.790710449218750000, 52.329971313476562500, 0.946334838867187500,  ,  2783, 1662, 1122
2630421.exe , 65.315093994140625000, 52.687057495117187500, 0.949829101562500000,  ,  2791, 1582, 1206
2630421.exe , 65.310897827148437500, 52.845382690429687500, 0.945953369140625000,  ,  2780, 1555, 1227
2630421.exe , 65.707321166992187500, 53.116424560546875000, 0.952545166015625000,  ,  2799, 1666, 1134
2630421.exe , 65.261917114257812500, 52.646118164062500000, 0.951507568359375000,  ,  2797, 1598, 1197
2630421.exe , 65.660934448242187500, 53.049102783203125000, 0.952407836914062500,  ,  2800, 1609, 1190
2630421.exe , 65.445358276367187500, 52.837570190429687500, 0.950378417968750000,  ,  2791, 1530, 1261
2630421.exe , 64.737045288085937500, 52.223312377929687500, 0.944992065429687500,  ,  2776, 1621, 1155
2630421.exe , 65.419754028320312500, 52.843902587890625000, 0.953735351562500000,  ,  2803, 1622, 1182
2630421.exe , 65.319458007812500000, 52.828964233398437500, 0.948257446289062500,  ,  2787, 1608, 1178
2630421.exe , 65.219345092773437500, 52.607833862304687500, 0.947479248046875000,  ,  2784, 1648, 1133
2630421.exe , 65.670181274414062500, 53.140365600585937500, 0.940917968750000000,  ,  2766, 1611, 1151
2795168.exe , 16.542984008789062500, 13.254150390625000000, 0.269927978515625000,  ,  789, 765, 24
2795168.exe , 16.376159667968750000, 13.054580688476562500, 0.273406982421875000,  ,  801, 783, 16
2795168.exe , 16.337936401367187500, 13.017425537109375000, 0.273590087890625000,  ,  801, 782, 16
2795168.exe , 16.590972900390625000, 13.307571411132812500, 0.270965576171875000,  ,  793, 785, 4
2795168.exe , 16.540740966796875000, 13.265838623046875000, 0.270507812500000000,  ,  789, 772, 16
2795168.exe , 16.459564208984375000, 13.155517578125000000, 0.272659301757812500,  ,  798, 776, 20
2795168.exe , 16.468826293945312500, 13.204711914062500000, 0.268951416015625000,  ,  788, 776, 12
2795168.exe , 16.476791381835937500, 13.180160522460937500, 0.270156860351562500,  ,  791, 787, 4
2795168.exe , 16.460494995117187500, 13.136642456054687500, 0.274200439453125000,  ,  802, 784, 16
2795168.exe , 16.535629272460937500, 13.235000610351562500, 0.272659301757812500,  ,  798, 786, 12
2795168.exe , 16.322647094726562500, 13.013534545898437500, 0.273117065429687500,  ,  799, 784, 16
2795168.exe , 16.512939453125000000, 13.276290893554687500, 0.267135620117187500,  ,  782, 767, 12
2795168.exe , 16.533523559570312500, 13.247726440429687500, 0.270828247070312500,  ,  793, 769, 24
2795168.exe , 16.585586547851562500, 13.320495605468750000, 0.269454956054687500,  ,  788, 769, 20
2795168.exe , 16.421401977539062500, 13.101669311523437500, 0.273178100585937500,  ,  801, 793, 8
2795168.exe , 16.308792114257812500, 12.993850708007812500, 0.273635864257812500,  ,  800, 780, 20
2795168.exe , 16.329803466796875000, 13.082427978515625000, 0.269790649414062500,  ,  789, 785, 4
2795168.exe , 16.683380126953125000, 13.411087036132812500, 0.267715454101562500,  ,  784, 773, 12
2795168.exe , 16.277908325195312500, 12.959854125976562500, 0.273849487304687500,  ,  801, 781, 20
2795168.exe , 16.477539062500000000, 13.202072143554687500, 0.270385742187500000,  ,  791, 781, 8
2795168.exe , 16.367385864257812500, 13.049865722656250000, 0.273971557617187500,  ,  800, 783, 16
2795168.exe , 16.515090942382812500, 13.200973510742187500, 0.273193359375000000,  ,  800, 780, 20
2795168.exe , 16.417236328125000000, 13.119659423828125000, 0.272247314453125000,  ,  796, 781, 16
2795168.exe , 16.347442626953125000, 13.039291381835937500, 0.273330688476562500,  ,  799, 791, 8
2795168.exe , 16.543014526367187500, 13.245666503906250000, 0.271972656250000000,  ,  795, 791, 4
2795168.exe , 16.368545532226562500, 13.073944091796875000, 0.271972656250000000,  ,  797, 781, 16
2795168.exe , 16.617309570312500000, 13.296035766601562500, 0.271163940429687500,  ,  795, 779, 16
2795168.exe , 16.549316406250000000, 13.246429443359375000, 0.270950317382812500,  ,  792, 786, 8
2795168.exe , 16.338668823242187500, 13.005844116210937500, 0.274642944335937500,  ,  803, 787, 16
2795168.exe , 16.289947509765625000, 12.987182617187500000, 0.272872924804687500,  ,  798, 776, 20
2863666.exe , 66.554153442382812500, 53.685821533203125000, 0.973358154296875000,  ,  2860, 1697, 1163
2863666.exe , 66.526535034179687500, 53.686584472656250000, 0.974884033203125000,  ,  2864, 1698, 1167
2863666.exe , 67.137039184570312500, 54.193939208984375000, 0.976028442382812500,  ,  2870, 1696, 1174
2863666.exe , 66.931106567382812500, 54.112762451171875000, 0.972747802734375000,  ,  2859, 1724, 1137
2863666.exe , 67.407882690429687500, 54.455215454101562500, 0.975509643554687500,  ,  2866, 1637, 1227
2863666.exe , 67.101745605468750000, 54.237503051757812500, 0.974838256835937500,  ,  2864, 1642, 1224
2863666.exe , 67.012664794921875000, 54.304550170898437500, 0.969360351562500000,  ,  2851, 1684, 1164
2863666.exe , 67.183471679687500000, 54.310897827148437500, 0.978088378906250000,  ,  2876, 1710, 1166
2863666.exe , 66.907546997070312500, 53.995925903320312500, 0.972320556640625000,  ,  2859, 1722, 1136
2863666.exe , 67.032302856445312500, 54.123031616210937500, 0.976409912109375000,  ,  2871, 1746, 1123
2863666.exe , 67.338729858398437500, 54.378280639648437500, 0.979797363281250000,  ,  2880, 1783, 1094
2863666.exe , 67.254028320312500000, 54.307525634765625000, 0.975814819335937500,  ,  2868, 1710, 1158
2863666.exe , 67.053222656250000000, 54.186965942382812500, 0.977279663085937500,  ,  2872, 1687, 1185
2863666.exe , 67.532089233398437500, 54.583999633789062500, 0.980972290039062500,  ,  2882, 1625, 1257
2863666.exe , 67.095520019531250000, 54.144943237304687500, 0.973083496093750000,  ,  2860, 1712, 1147
2863666.exe , 67.680770874023437500, 54.776626586914062500, 0.974899291992187500,  ,  2866, 1700, 1164
2863666.exe , 66.741378784179687500, 53.899291992187500000, 0.978881835937500000,  ,  2877, 1766, 1109
2863666.exe , 66.894058227539062500, 54.122726440429687500, 0.970794677734375000,  ,  2853, 1659, 1196
2863666.exe , 67.004409790039062500, 54.142608642578125000, 0.971939086914062500,  ,  2855, 1744, 1113
2863666.exe , 66.836608886718750000, 54.127395629882812500, 0.968292236328125000,  ,  2848, 1720, 1126
2863666.exe , 67.318328857421875000, 54.399185180664062500, 0.977722167968750000,  ,  2873, 1659, 1215
2863666.exe , 66.749404907226562500, 53.838363647460937500, 0.975006103515625000,  ,  2867, 1711, 1155
2863666.exe , 67.220489501953125000, 54.248489379882812500, 0.976791381835937500,  ,  2870, 1660, 1210
2863666.exe , 67.110290527343750000, 54.123336791992187500, 0.977752685546875000,  ,  2872, 1677, 1196
2863666.exe , 67.546646118164062500, 54.574066162109375000, 0.973632812500000000,  ,  2860, 1724, 1134
2863666.exe , 66.965362548828125000, 54.128555297851562500, 0.972015380859375000,  ,  2858, 1737, 1119
2863666.exe , 66.792037963867187500, 53.859161376953125000, 0.974212646484375000,  ,  2862, 1701, 1161
2863666.exe , 66.856216430664062500, 54.011825561523437500, 0.977218627929687500,  ,  2870, 1738, 1136
2863666.exe , 66.862091064453125000, 53.990493774414062500, 0.975830078125000000,  ,  2867, 1732, 1134
2863666.exe , 66.713638305664062500, 53.779983520507812500, 0.973144531250000000,  ,  2859, 1732, 1127
2863908.exe , 88.741973876953125000, 72.003189086914062500, 1.304534912109375000,  ,  3837, 1963, 1876
2863908.exe , 89.127136230468750000, 72.313476562500000000, 1.310607910156250000,  ,  3856, 1947, 1909
2863908.exe , 89.498764038085937500, 72.524169921875000000, 1.309677124023437500,  ,  3851, 1981, 1869
2863908.exe , 89.133636474609375000, 72.321975708007812500, 1.308120727539062500,  ,  3847, 1978, 1869
2863908.exe , 89.183303833007812500, 72.363098144531250000, 1.309921264648437500,  ,  3853, 2037, 1816
2863908.exe , 89.593673706054687500, 72.616134643554687500, 1.306411743164062500,  ,  3842, 1946, 1897
2863908.exe , 90.052246093750000000, 73.198501586914062500, 1.304687500000000000,  ,  3838, 2005, 1833
2863908.exe , 89.299713134765625000, 72.356048583984375000, 1.311035156250000000,  ,  3857, 2022, 1836
2863908.exe , 88.740036010742187500, 71.945968627929687500, 1.304031372070312500,  ,  3838, 2024, 1813
2863908.exe , 87.602020263671875000, 70.833923339843750000, 1.302673339843750000,  ,  3833, 1976, 1858
2863908.exe , 88.945129394531250000, 72.156433105468750000, 1.306961059570312500,  ,  3845, 1991, 1854
2863908.exe , 88.503631591796875000, 71.748550415039062500, 1.300613403320312500,  ,  3828, 1993, 1834
2863908.exe , 88.761596679687500000, 71.913238525390625000, 1.307785034179687500,  ,  3848, 1964, 1886
2863908.exe , 88.834182739257812500, 71.998031616210937500, 1.308486938476562500,  ,  3846, 1992, 1854
2863908.exe , 89.518844604492187500, 72.817489624023437500, 1.298995971679687500,  ,  3821, 1985, 1836
2863908.exe , 88.812957763671875000, 71.958389282226562500, 1.308532714843750000,  ,  3850, 2018, 1832
2863908.exe , 88.571716308593750000, 71.760360717773437500, 1.304107666015625000,  ,  3836, 2004, 1834
2863908.exe , 88.230392456054687500, 71.375808715820312500, 1.308532714843750000,  ,  3850, 1979, 1872
2863908.exe , 89.558105468750000000, 72.658386230468750000, 1.308898925781250000,  ,  3851, 1947, 1903
2863908.exe , 89.525878906250000000, 72.625518798828125000, 1.309143066406250000,  ,  3851, 1978, 1873
2863908.exe , 88.452331542968750000, 71.624969482421875000, 1.305557250976562500,  ,  3840, 1948, 1892
2863908.exe , 89.501617431640625000, 72.533660888671875000, 1.308090209960937500,  ,  3848, 2009, 1840
2863908.exe , 88.655029296875000000, 71.817932128906250000, 1.306716918945312500,  ,  3845, 1993, 1852
2863908.exe , 88.518402099609375000, 71.616088867187500000, 1.312194824218750000,  ,  3862, 2053, 1807
2863908.exe , 88.664688110351562500, 71.891860961914062500, 1.304016113281250000,  ,  3836, 2015, 1821
2863908.exe , 88.998306274414062500, 72.225021362304687500, 1.305160522460937500,  ,  3841, 2004, 1839
2863908.exe , 88.831558227539062500, 71.947631835937500000, 1.311370849609375000,  ,  3857, 2006, 1849
2863908.exe , 88.541946411132812500, 71.631088256835937500, 1.314239501953125000,  ,  3865, 2004, 1861
2863908.exe , 89.216537475585937500, 72.400070190429687500, 1.309356689453125000,  ,  3850, 1988, 1863
2863908.exe , 88.384643554687500000, 71.502059936523437500, 1.310272216796875000,  ,  3855, 2025, 1830
2881871.exe , 63.423721313476562500, 51.458297729492187500, 0.966751098632812500,  ,  2843, 1860, 985
2881871.exe , 64.516342163085937500, 52.502899169921875000, 0.970993041992187500,  ,  2855, 1800, 1056
2881871.exe , 64.167770385742187500, 52.051727294921875000, 0.970993041992187500,  ,  2856, 1810, 1044
2881871.exe , 64.369110107421875000, 52.230728149414062500, 0.972061157226562500,  ,  2858, 1806, 1054
2881871.exe , 64.056686401367187500, 52.136886596679687500, 0.965972900390625000,  ,  2840, 1757, 1082
2881871.exe , 63.826751708984375000, 51.844238281250000000, 0.968826293945312500,  ,  2848, 1803, 1046
2881871.exe , 63.985717773437500000, 51.959655761718750000, 0.971359252929687500,  ,  2856, 1781, 1076
2881871.exe , 64.065719604492187500, 52.044250488281250000, 0.974914550781250000,  ,  2866, 1815, 1052
2881871.exe , 64.322418212890625000, 52.338745117187500000, 0.963409423828125000,  ,  2833, 1832, 1000
2881871.exe , 63.712066650390625000, 51.759307861328125000, 0.968795776367187500,  ,  2848, 1791, 1058
2881871.exe , 64.360961914062500000, 52.374374389648437500, 0.965866088867187500,  ,  2843, 1717, 1123
2881871.exe , 64.082839965820312500, 52.039520263671875000, 0.974563598632812500,  ,  2864, 1758, 1106
2881871.exe , 64.373855590820312500, 52.345184326171875000, 0.974227905273437500,  ,  2863, 1813, 1053
2881871.exe , 63.718246459960937500, 51.561111450195312500, 0.974929809570312500,  ,  2866, 1789, 1074
2881871.exe , 63.667984008789062500, 51.746704101562500000, 0.966262817382812500,  ,  2840, 1849, 993
2881871.exe , 63.262832641601562500, 51.288070678710937500, 0.967056274414062500,  ,  2842, 1721, 1122
2881871.exe , 64.149063110351562500, 52.015502929687500000, 0.974456787109375000,  ,  2865, 1843, 1022
2881871.exe , 63.879669189453125000, 51.928436279296875000, 0.968490600585937500,  ,  2847, 1744, 1103
2881871.exe , 63.814956665039062500, 51.824874877929687500, 0.970062255859375000,  ,  2850, 1788, 1063
2881871.exe , 63.884552001953125000, 51.966278076171875000, 0.966400146484375000,  ,  2841, 1756, 1085
2881871.exe , 64.686218261718750000, 52.796585083007812500, 0.960678100585937500,  ,  2824, 1791, 1032
2881871.exe , 64.763366699218750000, 52.772781372070312500, 0.966186523437500000,  ,  2840, 1862, 979
2881871.exe , 64.090286254882812500, 52.168670654296875000, 0.966186523437500000,  ,  2840, 1761, 1078
2881871.exe , 64.330459594726562500, 52.270767211914062500, 0.970733642578125000,  ,  2855, 1836, 1018
2881871.exe , 63.853851318359375000, 51.976348876953125000, 0.964874267578125000,  ,  2837, 1861, 975
2881871.exe , 63.728118896484375000, 51.784255981445312500, 0.960571289062500000,  ,  2824, 1771, 1052
2881871.exe , 63.741546630859375000, 51.641250610351562500, 0.970642089843750000,  ,  2853, 1753, 1100
2881871.exe , 63.634277343750000000, 51.583847045898437500, 0.972702026367187500,  ,  2861, 1891, 971
2881871.exe , 63.629882812500000000, 51.610153198242187500, 0.965332031250000000,  ,  2837, 1667, 1171
2881871.exe , 63.823318481445312500, 51.796615600585937500, 0.966171264648437500,  ,  2839, 1772, 1067
3046101.exe , 18.565597534179687500, 14.865737915039062500, 0.302719116210937500,  ,  887, 868, 20
3046101.exe , 18.542251586914062500, 14.827377319335937500, 0.302932739257812500,  ,  888, 880, 8
3046101.exe , 18.585281372070312500, 14.891921997070312500, 0.302276611328125000,  ,  885, 881, 4
3046101.exe , 18.665466308593750000, 14.992080688476562500, 0.302886962890625000,  ,  890, 874, 16
3046101.exe , 18.867141723632812500, 15.222137451171875000, 0.298431396484375000,  ,  875, 865, 8
3046101.exe , 18.476470947265625000, 14.760269165039062500, 0.307128906250000000,  ,  899, 891, 8
3046101.exe , 18.558486938476562500, 14.902297973632812500, 0.301818847656250000,  ,  885, 872, 12
3046101.exe , 18.385467529296875000, 14.652038574218750000, 0.305435180664062500,  ,  897, 893, 4
3046101.exe , 18.535049438476562500, 14.819412231445312500, 0.303817749023437500,  ,  891, 877, 12
3046101.exe , 18.311294555664062500, 14.566635131835937500, 0.306457519531250000,  ,  897, 876, 20
3046101.exe , 18.413543701171875000, 14.743347167968750000, 0.302719116210937500,  ,  887, 876, 8
3046101.exe , 18.528945922851562500, 14.882461547851562500, 0.301467895507812500,  ,  882, 870, 12
3046101.exe , 18.513076782226562500, 14.855514526367187500, 0.302429199218750000,  ,  884, 868, 16
3046101.exe , 18.536315917968750000, 14.877868652343750000, 0.302001953125000000,  ,  885, 882, 4
3046101.exe , 18.597808837890625000, 14.920349121093750000, 0.301116943359375000,  ,  881, 868, 12
3046101.exe , 19.244384765625000000, 15.556610107421875000, 0.301086425781250000,  ,  883, 875, 8
3046101.exe , 18.646728515625000000, 14.982223510742187500, 0.300567626953125000,  ,  881, 873, 4
3046101.exe , 18.428665161132812500, 14.683624267578125000, 0.306442260742187500,  ,  897, 885, 12
3046101.exe , 18.383956909179687500, 14.681472778320312500, 0.305480957031250000,  ,  894, 882, 12
3046101.exe , 18.704940795898437500, 15.051773071289062500, 0.300598144531250000,  ,  878, 858, 20
3046101.exe , 18.591735839843750000, 14.939590454101562500, 0.302169799804687500,  ,  884, 879, 4
3046101.exe , 18.377868652343750000, 14.638549804687500000, 0.307296752929687500,  ,  899, 892, 4
3046101.exe , 18.449783325195312500, 14.710861206054687500, 0.306503295898437500,  ,  898, 887, 12
3046101.exe , 18.515670776367187500, 14.835021972656250000, 0.303237915039062500,  ,  888, 883, 4
3046101.exe , 18.367797851562500000, 14.626617431640625000, 0.306427001953125000,  ,  898, 882, 16
3046101.exe , 18.585098266601562500, 14.872589111328125000, 0.304031372070312500,  ,  891, 871, 20
3046101.exe , 18.450515747070312500, 14.821350097656250000, 0.301422119140625000,  ,  882, 874, 8
3046101.exe , 18.550155639648437500, 14.888198852539062500, 0.302383422851562500,  ,  885, 873, 12
3046101.exe , 18.645706176757812500, 15.033569335937500000, 0.298950195312500000,  ,  877, 869, 8
3046101.exe , 18.401794433593750000, 14.722717285156250000, 0.302597045898437500,  ,  889, 877, 12
3095538.exe , 65.280639648437500000, 52.753707885742187500, 0.947341918945312500,  ,  2784, 1608, 1175
3095538.exe , 65.432693481445312500, 52.778015136718750000, 0.953659057617187500,  ,  2803, 1650, 1150
3095538.exe , 65.476562500000000000, 52.808074951171875000, 0.955856323242187500,  ,  2808, 1694, 1114
3095538.exe , 65.667694091796875000, 53.105300903320312500, 0.950881958007812500,  ,  2794, 1636, 1157
3095538.exe , 65.314910888671875000, 52.693267822265625000, 0.952545166015625000,  ,  2799, 1614, 1185
3095538.exe , 65.129928588867187500, 52.571990966796875000, 0.947708129882812500,  ,  2783, 1676, 1109
3095538.exe , 65.041503906250000000, 52.553619384765625000, 0.951568603515625000,  ,  2796, 1635, 1162
3095538.exe , 65.400344848632812500, 52.977676391601562500, 0.945571899414062500,  ,  2777, 1650, 1126
3095538.exe , 64.942672729492187500, 52.403381347656250000, 0.948577880859375000,  ,  2788, 1641, 1147
3095538.exe , 64.715209960937500000, 52.316085815429687500, 0.944976806640625000,  ,  2779, 1573, 1203
3095538.exe , 65.229324340820312500, 52.657028198242187500, 0.950866699218750000,  ,  2793, 1676, 1118
3095538.exe , 64.723342895507812500, 52.371551513671875000, 0.939666748046875000,  ,  2763, 1641, 1118
3095538.exe , 65.786865234375000000, 53.160446166992187500, 0.956375122070312500,  ,  2812, 1644, 1168
3095538.exe , 65.364028930664062500, 52.841567993164062500, 0.952163696289062500,  ,  2796, 1692, 1108
3095538.exe , 65.510131835937500000, 52.904968261718750000, 0.949050903320312500,  ,  2789, 1613, 1178
3095538.exe , 65.445175170898437500, 52.928833007812500000, 0.948181152343750000,  ,  2789, 1597, 1191
3095538.exe , 65.653778076171875000, 53.152893066406250000, 0.946929931640625000,  ,  2784, 1660, 1125
3095538.exe , 64.425354003906250000, 52.015899658203125000, 0.943664550781250000,  ,  2774, 1637, 1136
3095538.exe , 65.130981445312500000, 52.553619384765625000, 0.947265625000000000,  ,  2784, 1565, 1221
3095538.exe , 65.572875976562500000, 53.071075439453125000, 0.944931030273437500,  ,  2776, 1605, 1171
3095538.exe , 65.007919311523437500, 52.501068115234375000, 0.952178955078125000,  ,  2797, 1637, 1159
3095538.exe , 65.399856567382812500, 52.829666137695312500, 0.950546264648437500,  ,  2794, 1638, 1155
3095538.exe , 65.512725830078125000, 52.903564453125000000, 0.951248168945312500,  ,  2795, 1685, 1109
3095538.exe , 65.523529052734375000, 52.945755004882812500, 0.952056884765625000,  ,  2796, 1632, 1163
3095538.exe , 65.945053100585937500, 53.274688720703125000, 0.954025268554687500,  ,  2802, 1636, 1168
3095538.exe , 65.984603881835937500, 53.388595581054687500, 0.951477050781250000,  ,  2796, 1673, 1121
3095538.exe , 65.457717895507812500, 52.829299926757812500, 0.949569702148437500,  ,  2793, 1675, 1116
3095538.exe , 64.898086547851562500, 52.411895751953125000, 0.949157714843750000,  ,  2789, 1634, 1155
3095538.exe , 65.453369140625000000, 52.785583496093750000, 0.951873779296875000,  ,  2799, 1668, 1130
3095538.exe , 65.742813110351562500, 53.209152221679687500, 0.947616577148437500,  ,  2785, 1624, 1159
3147217.exe , 72.234329223632812500, 58.290771484375000000, 1.062728881835937500,  ,  3126, 1282, 1843
3147217.exe , 72.575286865234375000, 58.677886962890625000, 1.063247680664062500,  ,  3127, 1269, 1858
3147217.exe , 72.263885498046875000, 58.471542358398437500, 1.061508178710937500,  ,  3121, 1220, 1902
3147217.exe , 73.529693603515625000, 59.611526489257812500, 1.066619873046875000,  ,  3138, 1322, 1816
3147217.exe , 72.556381225585937500, 58.743652343750000000, 1.060424804687500000,  ,  3115, 1280, 1837
3147217.exe , 72.954681396484375000, 59.003555297851562500, 1.066146850585937500,  ,  3135, 1332, 1803
3147217.exe , 72.948471069335937500, 58.983093261718750000, 1.062393188476562500,  ,  3124, 1253, 1870
3147217.exe , 72.566665649414062500, 58.616912841796875000, 1.067153930664062500,  ,  3136, 1307, 1831
3147217.exe , 73.084945678710937500, 59.060562133789062500, 1.065872192382812500,  ,  3135, 1315, 1821
3147217.exe , 73.083694458007812500, 59.025497436523437500, 1.067031860351562500,  ,  3135, 1307, 1831
3147217.exe , 72.347259521484375000, 58.513641357421875000, 1.061874389648437500,  ,  3123, 1307, 1818
3147217.exe , 72.537902832031250000, 58.541427612304687500, 1.062316894531250000,  ,  3122, 1282, 1840
3147217.exe , 72.808883666992187500, 58.894363403320312500, 1.059585571289062500,  ,  3117, 1316, 1802
3147217.exe , 71.948532104492187500, 58.101470947265625000, 1.063690185546875000,  ,  3125, 1240, 1886
3147217.exe , 73.223220825195312500, 59.343704223632812500, 1.057785034179687500,  ,  3110, 1236, 1873
3147217.exe , 72.860137939453125000, 58.872497558593750000, 1.061645507812500000,  ,  3122, 1261, 1860
3147217.exe , 72.924789428710937500, 58.972686767578125000, 1.064437866210937500,  ,  3129, 1268, 1858
3147217.exe , 73.414489746093750000, 59.316650390625000000, 1.068908691406250000,  ,  3144, 1256, 1887
3147217.exe , 72.963409423828125000, 59.061904907226562500, 1.057693481445312500,  ,  3111, 1280, 1830
3147217.exe , 72.798110961914062500, 58.717254638671875000, 1.066390991210937500,  ,  3135, 1232, 1903
3147217.exe , 72.964920043945312500, 59.005249023437500000, 1.064575195312500000,  ,  3130, 1272, 1857
3147217.exe , 72.960266113281250000, 58.887557983398437500, 1.067031860351562500,  ,  3135, 1339, 1797
3147217.exe , 71.915390014648437500, 58.084487915039062500, 1.061294555664062500,  ,  3122, 1294, 1825
3147217.exe , 72.742294311523437500, 58.699249267578125000, 1.065048217773437500,  ,  3129, 1314, 1816
3147217.exe , 72.587326049804687500, 58.572174072265625000, 1.062942504882812500,  ,  3125, 1301, 1824
3147217.exe , 72.295761108398437500, 58.544265747070312500, 1.053543090820312500,  ,  3098, 1365, 1733
3147217.exe , 73.009521484375000000, 59.030105590820312500, 1.061203002929687500,  ,  3118, 1282, 1837
3147217.exe , 73.257644653320312500, 59.237380981445312500, 1.059051513671875000,  ,  3111, 1333, 1778
3147217.exe , 72.860076904296875000, 58.802368164062500000, 1.067840576171875000,  ,  3137, 1318, 1818
3147217.exe , 73.369186401367187500, 59.274688720703125000, 1.063812255859375000,  ,  3127, 1271, 1855
3153091.exe , 21.834838867187500000, 17.506881713867187500, 0.353057861328125000,  ,  1037, 1026, 8
3153091.exe , 21.784667968750000000, 17.485809326171875000, 0.350769042968750000,  ,  1029, 1012, 16
3153091.exe , 21.771286010742187500, 17.485214233398437500, 0.351455688476562500,  ,  1031, 1022, 8
3153091.exe , 21.993118286132812500, 17.707565307617187500, 0.351135253906250000,  ,  1030, 1012, 16
3153091.exe , 21.581130981445312500, 17.316726684570312500, 0.350860595703125000,  ,  1029, 1013, 16
3153091.exe , 21.966156005859375000, 17.637176513671875000, 0.351303100585937500,  ,  1030, 1020, 8
3153091.exe , 21.999435424804687500, 17.709335327148437500, 0.350128173828125000,  ,  1026, 1019, 8
3153091.exe , 21.800964355468750000, 17.537277221679687500, 0.350723266601562500,  ,  1028, 1012, 16
3153091.exe , 22.102172851562500000, 17.766128540039062500, 0.354919433593750000,  ,  1040, 1025, 16
3153091.exe , 21.921417236328125000, 17.616424560546875000, 0.350906372070312500,  ,  1029, 1021, 8
3153091.exe , 21.851211547851562500, 17.561828613281250000, 0.352355957031250000,  ,  1033, 1021, 12
3153091.exe , 21.825515747070312500, 17.502426147460937500, 0.353317260742187500,  ,  1037, 1020, 16
3153091.exe , 21.978134155273437500, 17.701248168945312500, 0.348800659179687500,  ,  1023, 1014, 8
3153091.exe , 21.753372192382812500, 17.511718750000000000, 0.350738525390625000,  ,  1030, 1019, 8
3153091.exe , 21.743316650390625000, 17.489257812500000000, 0.350692749023437500,  ,  1029, 1012, 16
3153091.exe , 21.851455688476562500, 17.579711914062500000, 0.351028442382812500,  ,  1028, 1013, 16
3153091.exe , 21.860733032226562500, 17.581771850585937500, 0.351760864257812500,  ,  1031, 1011, 20
3153091.exe , 22.008865356445312500, 17.708251953125000000, 0.352264404296875000,  ,  1031, 1015, 16
3153091.exe , 21.739471435546875000, 17.408477783203125000, 0.354537963867187500,  ,  1039, 1015, 24
3153091.exe , 22.076721191406250000, 17.851593017578125000, 0.346755981445312500,  ,  1017, 1017, 0
3153091.exe , 21.819183349609375000, 17.508575439453125000, 0.351913452148437500,  ,  1033, 1016, 16
3153091.exe , 21.724090576171875000, 17.469940185546875000, 0.350402832031250000,  ,  1028, 1012, 12
3153091.exe , 21.783950805664062500, 17.468643188476562500, 0.354507446289062500,  ,  1040, 1020, 20
3153091.exe , 21.816406250000000000, 17.494949340820312500, 0.353027343750000000,  ,  1035, 1023, 12
3153091.exe , 22.127395629882812500, 17.884872436523437500, 0.348129272460937500,  ,  1019, 1008, 12
3153091.exe , 21.976089477539062500, 17.680374145507812500, 0.351425170898437500,  ,  1030, 1017, 12
3153091.exe , 21.766067504882812500, 17.463439941406250000, 0.351119995117187500,  ,  1031, 1010, 20
3153091.exe , 21.943405151367187500, 17.657028198242187500, 0.351211547851562500,  ,  1030, 1018, 12
3153091.exe , 21.866760253906250000, 17.606613159179687500, 0.351058959960937500,  ,  1030, 1022, 8
3153091.exe , 21.746520996093750000, 17.418518066406250000, 0.354858398437500000,  ,  1040, 1026, 12
3305401.exe , 33.485855102539062500, 27.079086303710937500, 0.524108886718750000,  ,  1537, 1529, 8
3305401.exe , 33.605361938476562500, 27.173583984375000000, 0.523223876953125000,  ,  1536, 1522, 12
3305401.exe , 33.539993286132812500, 27.081024169921875000, 0.526229858398437500,  ,  1544, 1512, 32
3305401.exe , 33.465530395507812500, 27.000518798828125000, 0.526367187500000000,  ,  1545, 1520, 24
3305401.exe , 33.541183471679687500, 27.250534057617187500, 0.517105102539062500,  ,  1518, 1502, 16
3305401.exe , 33.314956665039062500, 26.897979736328125000, 0.526321411132812500,  ,  1543, 1523, 20
3305401.exe , 33.391464233398437500, 26.929229736328125000, 0.526412963867187500,  ,  1545, 1528, 16
3305401.exe , 33.391784667968750000, 26.930541992187500000, 0.526168823242187500,  ,  1544, 1521, 24
3305401.exe , 33.442947387695312500, 26.989837646484375000, 0.526443481445312500,  ,  1545, 1516, 28
3305401.exe , 33.343795776367187500, 26.892700195312500000, 0.526092529296875000,  ,  1546, 1522, 24
3305401.exe , 33.312896728515625000, 26.948715209960937500, 0.523590087890625000,  ,  1537, 1509, 28
3305401.exe , 33.494384765625000000, 27.243469238281250000, 0.513961791992187500,  ,  1509, 1500, 8
3305401.exe , 33.442871093750000000, 26.991027832031250000, 0.526687622070312500,  ,  1547, 1528, 16
3305401.exe , 33.593383789062500000, 27.158416748046875000, 0.522918701171875000,  ,  1535, 1511, 24
3305401.exe , 33.201431274414062500, 26.811340332031250000, 0.525131225585937500,  ,  1543, 1515, 28
3305401.exe , 33.542083740234375000, 27.066177368164062500, 0.527938842773437500,  ,  1547, 1531, 16
3305401.exe , 33.289123535156250000, 26.921600341796875000, 0.523361206054687500,  ,  1535, 1515, 20
3305401.exe , 33.519042968750000000, 27.190856933593750000, 0.521499633789062500,  ,  1532, 1519, 12
3305401.exe , 33.593750000000000000, 27.164978027343750000, 0.523361206054687500,  ,  1537, 1517, 16
3305401.exe , 33.582656860351562500, 27.139694213867187500, 0.523406982421875000,  ,  1536, 1515, 20
3305401.exe , 33.429870605468750000, 26.966522216796875000, 0.526351928710937500,  ,  1544, 1531, 12
3305401.exe , 33.703445434570312500, 27.273147583007812500, 0.523651123046875000,  ,  1537, 1511, 24
3305401.exe , 33.536666870117187500, 27.095687866210937500, 0.526092529296875000,  ,  1545, 1532, 12
3305401.exe , 33.475082397460937500, 27.051147460937500000, 0.523269653320312500,  ,  1535, 1515, 20
3305401.exe , 33.709411621093750000, 27.273681640625000000, 0.523910522460937500,  ,  1536, 1517, 20
3305401.exe , 33.484283447265625000, 27.082595825195312500, 0.522766113281250000,  ,  1537, 1507, 28
3305401.exe , 33.626724243164062500, 27.302108764648437500, 0.520233154296875000,  ,  1527, 1517, 8
3305401.exe , 33.339431762695312500, 26.888442993164062500, 0.526260375976562500,  ,  1545, 1529, 16
3305401.exe , 33.412612915039062500, 27.039855957031250000, 0.522979736328125000,  ,  1536, 1518, 16
3305401.exe , 33.589889526367187500, 27.215866088867187500, 0.523025512695312500,  ,  1535, 1522, 12
3372874.exe , 73.898880004882812500, 59.744171142578125000, 1.079299926757812500,  ,  3174, 2003, 1170
3372874.exe , 73.804046630859375000, 59.745712280273437500, 1.075775146484375000,  ,  3163, 2024, 1138
3372874.exe , 73.962615966796875000, 59.779205322265625000, 1.075836181640625000,  ,  3163, 1973, 1186
3372874.exe , 73.706283569335937500, 59.745971679687500000, 1.069885253906250000,  ,  3147, 1935, 1209
3372874.exe , 73.729095458984375000, 59.721694946289062500, 1.070419311523437500,  ,  3149, 2004, 1144
3372874.exe , 74.497009277343750000, 60.195266723632812500, 1.082992553710937500,  ,  3183, 1974, 1209
3372874.exe , 74.072540283203125000, 59.896392822265625000, 1.073486328125000000,  ,  3155, 2063, 1090
3372874.exe , 73.759246826171875000, 59.637619018554687500, 1.076431274414062500,  ,  3166, 1968, 1196
3372874.exe , 73.707824707031250000, 59.742492675781250000, 1.070983886718750000,  ,  3148, 1989, 1157
3372874.exe , 73.744476318359375000, 59.622329711914062500, 1.070892333984375000,  ,  3150, 2019, 1130
3372874.exe , 73.530746459960937500, 59.474929809570312500, 1.075164794921875000,  ,  3160, 2003, 1159
3372874.exe , 76.600250244140625000, 62.457641601562500000, 1.077713012695312500,  ,  3170, 2036, 1132
3372874.exe , 74.166656494140625000, 60.203964233398437500, 1.069183349609375000,  ,  3144, 1973, 1166
3372874.exe , 74.367752075195312500, 60.171844482421875000, 1.079650878906250000,  ,  3174, 1998, 1176
3372874.exe , 74.127319335937500000, 59.965866088867187500, 1.073410034179687500,  ,  3156, 2046, 1110
3372874.exe , 74.061431884765625000, 59.927230834960937500, 1.075180053710937500,  ,  3159, 2002, 1157
3372874.exe , 73.552947998046875000, 59.693954467773437500, 1.062911987304687500,  ,  3127, 1981, 1144
3372874.exe , 74.272903442382812500, 60.040588378906250000, 1.078826904296875000,  ,  3171, 2034, 1136
3372874.exe , 73.587600708007812500, 59.430038452148437500, 1.073867797851562500,  ,  3155, 2020, 1134
3372874.exe , 73.583267211914062500, 59.547744750976562500, 1.072372436523437500,  ,  3151, 1989, 1162
3372874.exe , 73.447448730468750000, 59.442291259765625000, 1.068862915039062500,  ,  3143, 1983, 1161
3372874.exe , 73.878814697265625000, 59.875885009765625000, 1.073608398437500000,  ,  3155, 2043, 1112
3372874.exe , 74.557708740234375000, 60.398132324218750000, 1.077651977539062500,  ,  3167, 2009, 1156
3372874.exe , 74.641372680664062500, 60.503463745117187500, 1.076507568359375000,  ,  3165, 1958, 1206
3372874.exe , 73.799682617187500000, 59.718780517578125000, 1.074737548828125000,  ,  3159, 2036, 1124
3372874.exe , 74.227020263671875000, 60.039932250976562500, 1.075302124023437500,  ,  3162, 1960, 1201
3372874.exe , 74.280273437500000000, 60.234710693359375000, 1.076583862304687500,  ,  3164, 2024, 1140
3372874.exe , 73.588577270507812500, 59.485015869140625000, 1.074432373046875000,  ,  3157, 2059, 1099
3372874.exe , 74.061126708984375000, 60.053604125976562500, 1.075912475585937500,  ,  3162, 1962, 1199
3372874.exe , 73.711196899414062500, 59.654174804687500000, 1.075180053710937500,  ,  3160, 1984, 1178
3442617.exe , 90.076690673828125000, 72.469833374023437500, 1.299926757812500000,  ,  3824, 1802, 2023
3442617.exe , 89.711181640625000000, 72.117553710937500000, 1.299057006835937500,  ,  3821, 1810, 2013
3442617.exe , 89.977142333984375000, 72.285217285156250000, 1.307342529296875000,  ,  3847, 1780, 2067
3442617.exe , 89.332122802734375000, 71.733932495117187500, 1.301055908203125000,  ,  3828, 1822, 2006
3442617.exe , 89.852844238281250000, 72.209396362304687500, 1.304794311523437500,  ,  3837, 1830, 2007
3442617.exe , 89.071380615234375000, 71.435256958007812500, 1.303955078125000000,  ,  3835, 1865, 1970
3442617.exe , 90.802230834960937500, 72.979782104492187500, 1.304122924804687500,  ,  3834, 1807, 2027
3442617.exe , 89.591461181640625000, 71.993682861328125000, 1.300888061523437500,  ,  3825, 1758, 2067
3442617.exe , 90.310531616210937500, 72.679656982421875000, 1.299636840820312500,  ,  3822, 1873, 1950
3442617.exe , 90.572525024414062500, 72.771148681640625000, 1.305297851562500000,  ,  3840, 1813, 2025
3442617.exe , 89.454879760742187500, 71.854431152343750000, 1.301147460937500000,  ,  3831, 1803, 2027
3442617.exe , 89.373306274414062500, 71.794876098632812500, 1.300796508789062500,  ,  3825, 1885, 1939
3442617.exe , 90.239990234375000000, 72.426467895507812500, 1.313507080078125000,  ,  3864, 1841, 2023
3442617.exe , 89.463607788085937500, 71.864532470703125000, 1.304443359375000000,  ,  3837, 1769, 2067
3442617.exe , 90.462310791015625000, 72.817855834960937500, 1.299530029296875000,  ,  3822, 1811, 2011
3442617.exe , 89.622802734375000000, 71.934524536132812500, 1.306732177734375000,  ,  3844, 1863, 1981
3442617.exe , 89.881423950195312500, 72.296508789062500000, 1.301498413085937500,  ,  3827, 1751, 2076
3442617.exe , 89.452911376953125000, 71.840316772460937500, 1.300628662109375000,  ,  3825, 1809, 2017
3442617.exe , 89.743911743164062500, 72.114883422851562500, 1.306854248046875000,  ,  3846, 1822, 2024
3442617.exe , 89.011520385742187500, 71.405654907226562500, 1.299972534179687500,  ,  3827, 1778, 2048
3442617.exe , 90.583404541015625000, 72.849441528320312500, 1.302413940429687500,  ,  3831, 1865, 1968
3442617.exe , 90.085357666015625000, 72.288711547851562500, 1.306076049804687500,  ,  3841, 1774, 2066
3442617.exe , 89.217864990234375000, 71.602752685546875000, 1.301437377929687500,  ,  3828, 1755, 2073
3442617.exe , 90.396331787109375000, 72.704849243164062500, 1.299987792968750000,  ,  3822, 1825, 1998
3442617.exe , 89.932449340820312500, 72.253387451171875000, 1.300628662109375000,  ,  3824, 1884, 1941
3442617.exe , 89.236145019531250000, 71.560455322265625000, 1.305709838867187500,  ,  3840, 1816, 2026
3442617.exe , 90.057449340820312500, 72.385696411132812500, 1.306320190429687500,  ,  3842, 1792, 2050
3442617.exe , 89.292694091796875000, 71.675979614257812500, 1.300582885742187500,  ,  3826, 1811, 2016
3442617.exe , 90.109909057617187500, 72.477920532226562500, 1.304931640625000000,  ,  3840, 1790, 2050
3442617.exe , 89.742156982421875000, 72.254959106445312500, 1.294723510742187500,  ,  3809, 1848, 1962
3777482.exe , 20.447723388671875000, 16.176773071289062500, 0.349487304687500000,  ,  1025, 1011, 12
3777482.exe , 20.384552001953125000, 16.175399780273437500, 0.346801757812500000,  ,  1017, 1004, 12
3777482.exe , 20.228607177734375000, 15.935546875000000000, 0.352615356445312500,  ,  1032, 1020, 12
3777482.exe , 20.296463012695312500, 16.045776367187500000, 0.348861694335937500,  ,  1024, 1017, 4
3777482.exe , 20.438674926757812500, 16.248855590820312500, 0.345153808593750000,  ,  1012, 1010, 0
3777482.exe , 20.475677490234375000, 16.271392822265625000, 0.345764160156250000,  ,  1012, 996, 16
3777482.exe , 20.315811157226562500, 16.075866699218750000, 0.348358154296875000,  ,  1021, 1008, 12
3777482.exe , 20.351211547851562500, 16.124786376953125000, 0.347961425781250000,  ,  1020, 1008, 12
3777482.exe , 20.303985595703125000, 16.082260131835937500, 0.348144531250000000,  ,  1020, 1007, 12
3777482.exe , 20.271804809570312500, 16.039489746093750000, 0.349151611328125000,  ,  1024, 1006, 16
3777482.exe , 20.394226074218750000, 16.153854370117187500, 0.346313476562500000,  ,  1014, 993, 20
3777482.exe , 20.316345214843750000, 16.098419189453125000, 0.345687866210937500,  ,  1013, 1002, 12
3777482.exe , 20.316741943359375000, 16.097244262695312500, 0.347640991210937500,  ,  1018, 1006, 12
3777482.exe , 20.288757324218750000, 16.057449340820312500, 0.348785400390625000,  ,  1022, 1017, 4
3777482.exe , 20.212509155273437500, 16.002639770507812500, 0.346954345703125000,  ,  1020, 1011, 8
3777482.exe , 20.327774047851562500, 16.128448486328125000, 0.346221923828125000,  ,  1016, 1001, 12
3777482.exe , 20.337509155273437500, 16.120620727539062500, 0.348144531250000000,  ,  1021, 991, 28
3777482.exe , 20.320312500000000000, 16.030975341796875000, 0.352401733398437500,  ,  1034, 1012, 20
3777482.exe , 20.293136596679687500, 16.028930664062500000, 0.350997924804687500,  ,  1028, 1015, 12
3777482.exe , 20.276596069335937500, 16.049987792968750000, 0.348815917968750000,  ,  1021, 1004, 16
3777482.exe , 20.209899902343750000, 15.964767456054687500, 0.350540161132812500,  ,  1029, 1021, 8
3777482.exe , 20.369796752929687500, 16.163162231445312500, 0.347427368164062500,  ,  1018, 1012, 4
3777482.exe , 20.271560668945312500, 16.043655395507812500, 0.348953247070312500,  ,  1022, 1009, 12
3777482.exe , 20.286437988281250000, 16.063262939453125000, 0.348754882812500000,  ,  1022, 1007, 16
3777482.exe , 20.259124755859375000, 16.022628784179687500, 0.350112915039062500,  ,  1026, 1015, 12
3777482.exe , 20.307785034179687500, 16.022537231445312500, 0.351989746093750000,  ,  1032, 1024, 8
3777482.exe , 20.331710815429687500, 16.128723144531250000, 0.346359252929687500,  ,  1016, 1000, 16
3777482.exe , 20.344360351562500000, 16.126388549804687500, 0.348617553710937500,  ,  1020, 1000, 20
3777482.exe , 20.186447143554687500, 15.928741455078125000, 0.351654052734375000,  ,  1030, 1018, 12
3777482.exe , 20.169372558593750000, 15.904571533203125000, 0.351394653320312500,  ,  1031, 1023, 8
3840368.exe , 67.481552124023437500, 54.594879150390625000, 0.979370117187500000,  ,  2878, 1719, 1163
3840368.exe , 68.211669921875000000, 55.222717285156250000, 0.983337402343750000,  ,  2891, 1809, 1081
3840368.exe , 67.114044189453125000, 54.234375000000000000, 0.978118896484375000,  ,  2874, 1753, 1121
3840368.exe , 66.446823120117187500, 53.622634887695312500, 0.976074218750000000,  ,  2870, 1717, 1151
3840368.exe , 66.987335205078125000, 54.291046142578125000, 0.968154907226562500,  ,  2847, 1728, 1116
3840368.exe , 67.794738769531250000, 54.889648437500000000, 0.979232788085937500,  ,  2878, 1760, 1119
3840368.exe , 68.107818603515625000, 55.124496459960937500, 0.981887817382812500,  ,  2887, 1730, 1156
3840368.exe , 66.951095581054687500, 54.146347045898437500, 0.975891113281250000,  ,  2869, 1749, 1121
3840368.exe , 67.073715209960937500, 54.263153076171875000, 0.975540161132812500,  ,  2867, 1700, 1167
3840368.exe , 67.332992553710937500, 54.494110107421875000, 0.977157592773437500,  ,  2874, 1712, 1160
3840368.exe , 66.758468627929687500, 53.972274780273437500, 0.974426269531250000,  ,  2861, 1683, 1178
3840368.exe , 67.533660888671875000, 54.683654785156250000, 0.976531982421875000,  ,  2869, 1681, 1188
3840368.exe , 67.561294555664062500, 54.616653442382812500, 0.979171752929687500,  ,  2878, 1764, 1112
3840368.exe , 66.754669189453125000, 53.978897094726562500, 0.973876953125000000,  ,  2863, 1696, 1166
3840368.exe , 66.827713012695312500, 54.013488769531250000, 0.975997924804687500,  ,  2869, 1714, 1155
3840368.exe , 67.903518676757812500, 55.032882690429687500, 0.978073120117187500,  ,  2876, 1759, 1114
3840368.exe , 67.562911987304687500, 54.705383300781250000, 0.979858398437500000,  ,  2880, 1733, 1149
3840368.exe , 66.623077392578125000, 53.798461914062500000, 0.976913452148437500,  ,  2870, 1682, 1188
3840368.exe , 67.409606933593750000, 54.560516357421875000, 0.977355957031250000,  ,  2874, 1744, 1130
3840368.exe , 67.312759399414062500, 54.487670898437500000, 0.973052978515625000,  ,  2861, 1665, 1195
3840368.exe , 66.915328979492187500, 54.057373046875000000, 0.976638793945312500,  ,  2871, 1680, 1190
3840368.exe , 67.174499511718750000, 54.319473266601562500, 0.979782104492187500,  ,  2879, 1783, 1097
3840368.exe , 67.722274780273437500, 54.840850830078125000, 0.980438232421875000,  ,  2882, 1677, 1203
3840368.exe , 67.422088623046875000, 54.552505493164062500, 0.971405029296875000,  ,  2854, 1673, 1182
3840368.exe , 67.694946289062500000, 54.876693725585937500, 0.972869873046875000,  ,  2861, 1755, 1103
3840368.exe , 67.310729980468750000, 54.496109008789062500, 0.978286743164062500,  ,  2877, 1740, 1137
3840368.exe , 67.115905761718750000, 54.322631835937500000, 0.977020263671875000,  ,  2874, 1802, 1072
3840368.exe , 67.686340332031250000, 54.822113037109375000, 0.977508544921875000,  ,  2874, 1764, 1111
3840368.exe , 67.507247924804687500, 54.588897705078125000, 0.982101440429687500,  ,  2885, 1706, 1181
3840368.exe , 66.923446655273437500, 54.130813598632812500, 0.974609375000000000,  ,  2865, 1711, 1152
3841280.exe , 28.301971435546875000, 23.043869018554687500, 0.431472778320312500,  ,  1265, 1258, 8
3841280.exe , 28.165481567382812500, 22.911727905273437500, 0.431762695312500000,  ,  1268, 1249, 20
3841280.exe , 28.256851196289062500, 22.973129272460937500, 0.434509277343750000,  ,  1275, 1263, 12
3841280.exe , 28.305236816406250000, 23.023818969726562500, 0.433731079101562500,  ,  1274, 1258, 16
3841280.exe , 28.317550659179687500, 23.054519653320312500, 0.430847167968750000,  ,  1266, 1243, 20
3841280.exe , 28.525756835937500000, 23.197647094726562500, 0.437118530273437500,  ,  1280, 1256, 24
3841280.exe , 28.126693725585937500, 22.893905639648437500, 0.432525634765625000,  ,  1269, 1260, 8
3841280.exe , 28.398025512695312500, 23.142120361328125000, 0.433059692382812500,  ,  1270, 1250, 20
3841280.exe , 28.616989135742187500, 23.364593505859375000, 0.430480957031250000,  ,  1264, 1258, 8
3841280.exe , 27.998260498046875000, 22.730514526367187500, 0.433181762695312500,  ,  1270, 1257, 12
3841280.exe , 28.444641113281250000, 23.192520141601562500, 0.431243896484375000,  ,  1267, 1259, 8
3841280.exe , 28.077331542968750000, 22.825164794921875000, 0.431747436523437500,  ,  1266, 1253, 12
3841280.exe , 28.226409912109375000, 22.957489013671875000, 0.431716918945312500,  ,  1268, 1249, 16
3841280.exe , 28.158462524414062500, 22.926483154296875000, 0.429962158203125000,  ,  1262, 1248, 12
3841280.exe , 28.129531860351562500, 22.865554809570312500, 0.433166503906250000,  ,  1269, 1259, 12
3841280.exe , 28.029098510742187500, 22.750885009765625000, 0.434234619140625000,  ,  1273, 1254, 20
3841280.exe , 28.414138793945312500, 23.176895141601562500, 0.431243896484375000,  ,  1266, 1254, 8
3841280.exe , 28.008605957031250000, 22.744491577148437500, 0.433258056640625000,  ,  1273, 1263, 8
3841280.exe , 28.367721557617187500, 23.140121459960937500, 0.430786132812500000,  ,  1266, 1250, 16
3841280.exe , 28.342605590820312500, 23.067962646484375000, 0.433898925781250000,  ,  1273, 1262, 12
3841280.exe , 28.242599487304687500, 22.971405029296875000, 0.434127807617187500,  ,  1274, 1249, 24
3841280.exe , 28.305404663085937500, 22.979492187500000000, 0.435699462890625000,  ,  1280, 1256, 24
3841280.exe , 28.219238281250000000, 22.990112304687500000, 0.431320190429687500,  ,  1265, 1246, 16
3841280.exe , 28.328292846679687500, 23.080520629882812500, 0.433319091796875000,  ,  1272, 1259, 12
3841280.exe , 28.165054321289062500, 22.870513916015625000, 0.436447143554687500,  ,  1280, 1268, 12
3841280.exe , 28.170654296875000000, 22.862884521484375000, 0.435775756835937500,  ,  1280, 1255, 24
3841280.exe , 28.421325683593750000, 23.160949707031250000, 0.432266235351562500,  ,  1268, 1251, 16
3841280.exe , 28.636825561523437500, 23.412399291992187500, 0.428497314453125000,  ,  1259, 1242, 16
3841280.exe , 28.642883300781250000, 23.393203735351562500, 0.429855346679687500,  ,  1260, 1252, 8
3841280.exe , 28.488143920898437500, 23.219161987304687500, 0.432144165039062500,  ,  1268, 1256, 12
3914075.exe , 92.020324707031250000, 74.124877929687500000, 1.325759887695312500,  ,  3901, 1978, 1923
3914075.exe , 90.991027832031250000, 73.129577636718750000, 1.328277587890625000,  ,  3906, 1954, 1953
3914075.exe , 90.372482299804687500, 72.532089233398437500, 1.328231811523437500,  ,  3906, 1954, 1953
3914075.exe , 91.542358398437500000, 73.645431518554687500, 1.332519531250000000,  ,  3919, 1902, 2017
3914075.exe , 91.765319824218750000, 73.715362548828125000, 1.331298828125000000,  ,  3916, 1950, 1966
3914075.exe , 91.431533813476562500, 73.543685913085937500, 1.330017089843750000,  ,  3911, 1902, 2009
3914075.exe , 91.426727294921875000, 73.394668579101562500, 1.335723876953125000,  ,  3929, 1964, 1965
3914075.exe , 91.182647705078125000, 73.335708618164062500, 1.330688476562500000,  ,  3915, 1962, 1954
3914075.exe , 91.162002563476562500, 73.372528076171875000, 1.327377319335937500,  ,  3903, 1974, 1931
3914075.exe , 91.186614990234375000, 73.344253540039062500, 1.331237792968750000,  ,  3915, 1937, 1979
3914075.exe , 91.714355468750000000, 73.840744018554687500, 1.322586059570312500,  ,  3890, 1901, 1991
3914075.exe , 91.168899536132812500, 73.368865966796875000, 1.330459594726562500,  ,  3913, 1893, 2021
3914075.exe , 91.990997314453125000, 74.081298828125000000, 1.325515747070312500,  ,  3898, 1965, 1935
3914075.exe , 90.984893798828125000, 73.171157836914062500, 1.325408935546875000,  ,  3898, 1955, 1945
3914075.exe , 91.971649169921875000, 74.124282836914062500, 1.327514648437500000,  ,  3902, 1993, 1908
3914075.exe , 91.888748168945312500, 74.129486083984375000, 1.322570800781250000,  ,  3888, 1982, 1907
3914075.exe , 91.177993774414062500, 73.347396850585937500, 1.330459594726562500,  ,  3913, 1934, 1980
3914075.exe , 92.037063598632812500, 74.042648315429687500, 1.326934814453125000,  ,  3902, 1938, 1964
3914075.exe , 91.297546386718750000, 73.420700073242187500, 1.331344604492187500,  ,  3915, 1940, 1976
3914075.exe , 91.968917846679687500, 73.934310913085937500, 1.332550048828125000,  ,  3917, 1896, 2023
3914075.exe , 91.389495849609375000, 73.602966308593750000, 1.327545166015625000,  ,  3907, 1957, 1950
3914075.exe , 92.078170776367187500, 74.096389770507812500, 1.331970214843750000,  ,  3916, 1970, 1945
3914075.exe , 91.035903930664062500, 73.254760742187500000, 1.326263427734375000,  ,  3903, 1901, 2002
3914075.exe , 92.585479736328125000, 74.709060668945312500, 1.323516845703125000,  ,  3892, 1940, 1952
3914075.exe , 91.383041381835937500, 73.386383056640625000, 1.329513549804687500,  ,  3910, 1939, 1971
3914075.exe , 92.587478637695312500, 74.637374877929687500, 1.324401855468750000,  ,  3893, 1988, 1907
3914075.exe , 91.570083618164062500, 73.708953857421875000, 1.330520629882812500,  ,  3912, 1926, 1987
3914075.exe , 92.356994628906250000, 74.435195922851562500, 1.326980590820312500,  ,  3902, 1959, 1944
3914075.exe , 90.947875976562500000, 73.171920776367187500, 1.327697753906250000,  ,  3906, 1948, 1956
3914075.exe , 93.878021240234375000, 75.534103393554687500, 1.358230590820312500,  ,  3994, 1984, 2010
3975405.exe , 20.190643310546875000, 16.290588378906250000, 0.318908691406250000,  ,  935, 928, 8
3975405.exe , 19.992462158203125000, 16.099868774414062500, 0.320205688476562500,  ,  939, 923, 16
3975405.exe , 20.051300048828125000, 16.210678100585937500, 0.317138671875000000,  ,  927, 917, 12
3975405.exe , 19.947235107421875000, 16.046279907226562500, 0.321304321289062500,  ,  940, 926, 12
3975405.exe , 19.931411743164062500, 16.040374755859375000, 0.319961547851562500,  ,  939, 932, 8
3975405.exe , 20.226379394531250000, 16.338958740234375000, 0.319213867187500000,  ,  935, 917, 16
3975405.exe , 20.062545776367187500, 16.217666625976562500, 0.317291259765625000,  ,  930, 911, 20
3975405.exe , 20.134567260742187500, 16.311096191406250000, 0.315689086914062500,  ,  925, 914, 8
3975405.exe , 20.081542968750000000, 16.194015502929687500, 0.318862915039062500,  ,  935, 919, 12
3975405.exe , 20.162277221679687500, 16.264999389648437500, 0.320907592773437500,  ,  940, 929, 12
3975405.exe , 20.011260986328125000, 16.163024902343750000, 0.317977905273437500,  ,  932, 916, 16
3975405.exe , 20.331115722656250000, 16.460189819335937500, 0.317962646484375000,  ,  931, 923, 8
3975405.exe , 20.012329101562500000, 16.079971313476562500, 0.321868896484375000,  ,  943, 934, 8
3975405.exe , 19.973114013671875000, 16.106597900390625000, 0.318237304687500000,  ,  932, 913, 20
3975405.exe , 20.125152587890625000, 16.326919555664062500, 0.315704345703125000,  ,  925, 917, 8
3975405.exe , 20.232574462890625000, 16.362609863281250000, 0.318420410156250000,  ,  934, 923, 12
3975405.exe , 19.992416381835937500, 16.096725463867187500, 0.320938110351562500,  ,  941, 925, 16
3975405.exe , 20.259857177734375000, 16.384185791015625000, 0.317764282226562500,  ,  932, 920, 12
3975405.exe , 20.083312988281250000, 16.164123535156250000, 0.321929931640625000,  ,  943, 931, 12
3975405.exe , 20.323822021484375000, 16.435317993164062500, 0.319152832031250000,  ,  936, 920, 16
3975405.exe , 20.168258666992187500, 16.336410522460937500, 0.317260742187500000,  ,  928, 915, 12
3975405.exe , 20.153503417968750000, 16.241241455078125000, 0.321136474609375000,  ,  942, 931, 8
3975405.exe , 20.007720947265625000, 16.126831054687500000, 0.320281982421875000,  ,  940, 926, 12
3975405.exe , 20.266296386718750000, 16.462265014648437500, 0.314346313476562500,  ,  920, 920, 0
3975405.exe , 19.978515625000000000, 16.056259155273437500, 0.321258544921875000,  ,  942, 913, 28
3975405.exe , 20.221725463867187500, 16.335220336914062500, 0.318923950195312500,  ,  935, 926, 8
3975405.exe , 20.086242675781250000, 16.203674316406250000, 0.319625854492187500,  ,  937, 929, 8
3975405.exe , 20.235046386718750000, 16.409835815429687500, 0.316223144531250000,  ,  925, 918, 8
3975405.exe , 20.182022094726562500, 16.308547973632812500, 0.318466186523437500,  ,  936, 912, 24
3975405.exe , 19.982009887695312500, 16.090789794921875000, 0.320648193359375000,  ,  939, 923, 16
412303.exe , 57.115859985351562500, 45.974746704101562500, 0.835113525390625000,  ,  2456, 1451, 1004
412303.exe , 56.641815185546875000, 45.583114624023437500, 0.830459594726562500,  ,  2441, 1397, 1045
412303.exe , 56.559875488281250000, 45.422882080078125000, 0.834030151367187500,  ,  2449, 1331, 1118
412303.exe , 57.388732910156250000, 46.253982543945312500, 0.829101562500000000,  ,  2436, 1347, 1089
412303.exe , 57.012100219726562500, 45.885620117187500000, 0.835510253906250000,  ,  2457, 1295, 1162
412303.exe , 57.140884399414062500, 46.010742187500000000, 0.836456298828125000,  ,  2459, 1430, 1029
412303.exe , 56.539260864257812500, 45.508087158203125000, 0.835479736328125000,  ,  2455, 1370, 1086
412303.exe , 57.588119506835937500, 46.408355712890625000, 0.837356567382812500,  ,  2461, 1350, 1111
412303.exe , 56.680679321289062500, 45.620117187500000000, 0.837692260742187500,  ,  2463, 1392, 1072
412303.exe , 56.556259155273437500, 45.567916870117187500, 0.832168579101562500,  ,  2445, 1326, 1121
412303.exe , 56.941894531250000000, 45.819915771484375000, 0.834396362304687500,  ,  2451, 1382, 1069
412303.exe , 57.027389526367187500, 45.949295043945312500, 0.832290649414062500,  ,  2445, 1348, 1098
412303.exe , 56.642608642578125000, 45.579742431640625000, 0.838363647460937500,  ,  2466, 1378, 1089
412303.exe , 57.492752075195312500, 46.338760375976562500, 0.837509155273437500,  ,  2462, 1342, 1120
412303.exe , 56.740478515625000000, 45.674331665039062500, 0.836746215820312500,  ,  2458, 1326, 1131
412303.exe , 57.307632446289062500, 46.252273559570312500, 0.832290649414062500,  ,  2445, 1323, 1121
412303.exe , 57.110794067382812500, 45.983734130859375000, 0.835388183593750000,  ,  2454, 1403, 1052
412303.exe , 57.185195922851562500, 46.005569458007812500, 0.838058471679687500,  ,  2464, 1354, 1109
412303.exe , 56.390563964843750000, 45.320281982421875000, 0.835281372070312500,  ,  2455, 1393, 1066
412303.exe , 57.293960571289062500, 46.105010986328125000, 0.840362548828125000,  ,  2470, 1298, 1171
412303.exe , 56.505874633789062500, 45.423309326171875000, 0.835922241210937500,  ,  2457, 1349, 1106
412303.exe , 57.226470947265625000, 46.089874267578125000, 0.835556030273437500,  ,  2456, 1428, 1027
412303.exe , 56.708099365234375000, 45.655136108398437500, 0.836547851562500000,  ,  2459, 1402, 1056
412303.exe , 57.212295532226562500, 46.044204711914062500, 0.836715698242187500,  ,  2459, 1353, 1106
412303.exe , 56.758041381835937500, 45.720626831054687500, 0.833297729492187500,  ,  2447, 1329, 1119
412303.exe , 56.810668945312500000, 45.909667968750000000, 0.824676513671875000,  ,  2427, 1348, 1079
412303.exe , 57.183639526367187500, 46.020431518554687500, 0.838806152343750000,  ,  2466, 1344, 1122
412303.exe , 57.055068969726562500, 46.022247314453125000, 0.833618164062500000,  ,  2449, 1341, 1108
412303.exe , 56.825225830078125000, 45.752227783203125000, 0.837753295898437500,  ,  2464, 1426, 1039
412303.exe , 56.806823730468750000, 45.625534057617187500, 0.836853027343750000,  ,  2457, 1405, 1052
4174244.exe , 93.721237182617187500, 75.476379394531250000, 1.362228393554687500,  ,  4006, 2133, 1876
4174244.exe , 94.094268798828125000, 75.789245605468750000, 1.363662719726562500,  ,  4011, 2174, 1838
4174244.exe , 93.926239013671875000, 75.505218505859375000, 1.370132446289062500,  ,  4031, 2168, 1862
4174244.exe , 94.548049926757812500, 76.064956665039062500, 1.377075195312500000,  ,  4051, 2141, 1910
4174244.exe , 93.530456542968750000, 75.294387817382812500, 1.366531372070312500,  ,  4020, 2127, 1893
4174244.exe , 93.509078979492187500, 75.297683715820312500, 1.364593505859375000,  ,  4015, 2212, 1804
4174244.exe , 94.027969360351562500, 75.870559692382812500, 1.359558105468750000,  ,  4000, 2158, 1842
4174244.exe , 93.698471069335937500, 75.485977172851562500, 1.365341186523437500,  ,  4016, 2090, 1926
4174244.exe , 93.267898559570312500, 75.057922363281250000, 1.366622924804687500,  ,  4018, 2127, 1890
4174244.exe , 93.618453979492187500, 75.384536743164062500, 1.366180419921875000,  ,  4018, 2169, 1849
4174244.exe , 94.439834594726562500, 76.140121459960937500, 1.364746093750000000,  ,  4013, 2140, 1875
4174244.exe , 93.561721801757812500, 75.376068115234375000, 1.361068725585937500,  ,  4006, 2064, 1942
4174244.exe , 93.293624877929687500, 75.106323242187500000, 1.360153198242187500,  ,  4004, 2152, 1852
4174244.exe , 94.699462890625000000, 76.364456176757812500, 1.367889404296875000,  ,  4024, 2091, 1933
4174244.exe , 93.987350463867187500, 75.486541748046875000, 1.368392944335937500,  ,  4025, 2127, 1899
4174244.exe , 93.282485961914062500, 74.900726318359375000, 1.366119384765625000,  ,  4016, 2144, 1873
4174244.exe , 94.111343383789062500, 75.736434936523437500, 1.375823974609375000,  ,  4045, 2124, 1922
4174244.exe , 93.562713623046875000, 75.303039550781250000, 1.368103027343750000,  ,  4025, 2189, 1836
4174244.exe , 93.955642700195312500, 75.631256103515625000, 1.371597290039062500,  ,  4036, 2161, 1876
4174244.exe , 93.361236572265625000, 75.114898681640625000, 1.366088867187500000,  ,  4020, 2091, 1930
4174244.exe , 94.120956420898437500, 75.790786743164062500, 1.373306274414062500,  ,  4040, 2149, 1891
4174244.exe , 93.710815429687500000, 75.480758666992187500, 1.364013671875000000,  ,  4014, 2170, 1844
4174244.exe , 94.417770385742187500, 75.908950805664062500, 1.368453979492187500,  ,  4025, 2164, 1861
4174244.exe , 93.649765014648437500, 75.349807739257812500, 1.364517211914062500,  ,  4013, 2168, 1844
4174244.exe , 94.289855957031250000, 75.863876342773437500, 1.368835449218750000,  ,  4023, 2147, 1877
4174244.exe , 93.321655273437500000, 74.947647094726562500, 1.362747192382812500,  ,  4008, 2167, 1840
4174244.exe , 93.495574951171875000, 75.014038085937500000, 1.368133544921875000,  ,  4023, 2212, 1810
4174244.exe , 93.778289794921875000, 75.532318115234375000, 1.363372802734375000,  ,  4010, 2129, 1881
4174244.exe , 94.136474609375000000, 75.959121704101562500, 1.362045288085937500,  ,  4006, 2143, 1860
4174244.exe , 93.679321289062500000, 75.481475830078125000, 1.361145019531250000,  ,  4002, 2116, 1885
4181599.exe , 71.546127319335937500, 57.927474975585937500, 1.034362792968750000,  ,  3042, 1882, 1157
4181599.exe , 72.391754150390625000, 58.763732910156250000, 1.032028198242187500,  ,  3034, 1860, 1172
4181599.exe , 71.615386962890625000, 58.141845703125000000, 1.031265258789062500,  ,  3032, 1830, 1201
4181599.exe , 71.316940307617187500, 57.770660400390625000, 1.037231445312500000,  ,  3049, 1867, 1184
4181599.exe , 71.119918823242187500, 57.619659423828125000, 1.034057617187500000,  ,  3041, 1894, 1146
4181599.exe , 71.565109252929687500, 58.019393920898437500, 1.032516479492187500,  ,  3036, 1857, 1179
4181599.exe , 71.068069458007812500, 57.585769653320312500, 1.031646728515625000,  ,  3033, 1909, 1124
4181599.exe , 71.252792358398437500, 57.621185302734375000, 1.034042358398437500,  ,  3038, 1851, 1186
4181599.exe , 71.155059814453125000, 57.653961181640625000, 1.030334472656250000,  ,  3032, 1880, 1151
4181599.exe , 71.937149047851562500, 58.295806884765625000, 1.037536621093750000,  ,  3050, 1883, 1166
4181599.exe , 71.488632202148437500, 57.981124877929687500, 1.033370971679687500,  ,  3038, 1900, 1137
4181599.exe , 70.878158569335937500, 57.501907348632812500, 1.025451660156250000,  ,  3013, 1936, 1075
4181599.exe , 71.395339965820312500, 57.812515258789062500, 1.036209106445312500,  ,  3046, 1811, 1234
4181599.exe , 71.092483520507812500, 57.681182861328125000, 1.022537231445312500,  ,  3007, 1882, 1127
4181599.exe , 71.423950195312500000, 57.851303100585937500, 1.027969360351562500,  ,  3022, 1819, 1202
4181599.exe , 71.166992187500000000, 57.528259277343750000, 1.034057617187500000,  ,  3040, 1885, 1154
4181599.exe , 70.834457397460937500, 57.356277465820312500, 1.031173706054687500,  ,  3033, 1941, 1091
4181599.exe , 71.180847167968750000, 57.595062255859375000, 1.034347534179687500,  ,  3042, 1850, 1192
4181599.exe , 70.931106567382812500, 57.440185546875000000, 1.030517578125000000,  ,  3028, 1854, 1176
4181599.exe , 71.256652832031250000, 57.633331298828125000, 1.034790039062500000,  ,  3041, 1819, 1221
4181599.exe , 71.098541259765625000, 57.576705932617187500, 1.032180786132812500,  ,  3036, 1891, 1143
4181599.exe , 71.797836303710937500, 58.172073364257812500, 1.031494140625000000,  ,  3031, 1908, 1125
4181599.exe , 70.790496826171875000, 57.329208374023437500, 1.029342651367187500,  ,  3026, 1811, 1215
4181599.exe , 70.889739990234375000, 57.359420776367187500, 1.033462524414062500,  ,  3038, 1866, 1171
4181599.exe , 70.634384155273437500, 57.155715942382812500, 1.029861450195312500,  ,  3028, 1840, 1190
4181599.exe , 71.248107910156250000, 57.656005859375000000, 1.031204223632812500,  ,  3033, 1839, 1194
4181599.exe , 72.147735595703125000, 58.491577148437500000, 1.037017822265625000,  ,  3049, 1852, 1198
4181599.exe , 71.595306396484375000, 58.103668212890625000, 1.030929565429687500,  ,  3030, 1847, 1183
4181599.exe , 71.619033813476562500, 58.066284179687500000, 1.033416748046875000,  ,  3040, 1872, 1166
4181599.exe , 71.594055175781250000, 58.059844970703125000, 1.035308837890625000,  ,  3044, 1892, 1152
4284661.exe , 22.109329223632812500, 17.793640136718750000, 0.354888916015625000,  ,  1040, 1022, 20
4284661.exe , 22.092132568359375000, 17.818969726562500000, 0.353530883789062500,  ,  1037, 1029, 8
4284661.exe , 22.059143066406250000, 17.769866943359375000, 0.354629516601562500,  ,  1038, 1020, 20
4284661.exe , 22.110961914062500000, 17.874496459960937500, 0.350280761718750000,  ,  1027, 1009, 16
4284661.exe , 22.159255981445312500, 17.895919799804687500, 0.352462768554687500,  ,  1033, 1024, 8
4284661.exe , 22.099777221679687500, 17.823944091796875000, 0.353454589843750000,  ,  1035, 1021, 12
4284661.exe , 21.997299194335937500, 17.724639892578125000, 0.353393554687500000,  ,  1036, 1016, 20
4284661.exe , 21.992782592773437500, 17.712600708007812500, 0.354141235351562500,  ,  1037, 1017, 20
4284661.exe , 22.102279663085937500, 17.835754394531250000, 0.353134155273437500,  ,  1035, 1031, 4
4284661.exe , 22.068908691406250000, 17.797897338867187500, 0.353439331054687500,  ,  1035, 1017, 20
4284661.exe , 22.173553466796875000, 17.918380737304687500, 0.352020263671875000,  ,  1029, 1021, 8
4284661.exe , 22.078521728515625000, 17.798126220703125000, 0.353881835937500000,  ,  1036, 1020, 16
4284661.exe , 22.086639404296875000, 17.789138793945312500, 0.353515625000000000,  ,  1033, 1025, 8
4284661.exe , 22.138549804687500000, 17.867919921875000000, 0.351806640625000000,  ,  1030, 1006, 24
4284661.exe , 22.241912841796875000, 17.920318603515625000, 0.354248046875000000,  ,  1038, 1029, 8
4284661.exe , 22.060379028320312500, 17.783981323242187500, 0.352752685546875000,  ,  1034, 1030, 4
4284661.exe , 22.079864501953125000, 17.745620727539062500, 0.355682373046875000,  ,  1042, 1025, 16
4284661.exe , 22.281570434570312500, 18.044403076171875000, 0.350341796875000000,  ,  1027, 1007, 16
4284661.exe , 22.136810302734375000, 17.827301025390625000, 0.354766845703125000,  ,  1041, 1025, 16
4284661.exe , 22.100616455078125000, 17.808593750000000000, 0.353591918945312500,  ,  1035, 1028, 8
4284661.exe , 21.992248535156250000, 17.696990966796875000, 0.354629516601562500,  ,  1039, 1030, 8
4284661.exe , 22.054977416992187500, 17.754257202148437500, 0.352859497070312500,  ,  1033, 1017, 16
4284661.exe , 22.246902465820312500, 17.946334838867187500, 0.351562500000000000,  ,  1030, 1011, 20
4284661.exe , 21.980697631835937500, 17.663375854492187500, 0.355590820312500000,  ,  1041, 1030, 12
4284661.exe , 22.102767944335937500, 17.792510986328125000, 0.353271484375000000,  ,  1035, 1022, 12
4284661.exe , 22.109832763671875000, 17.783721923828125000, 0.356063842773437500,  ,  1042, 1025, 20
4284661.exe , 22.022705078125000000, 17.734466552734375000, 0.353408813476562500,  ,  1037, 1028, 8
4284661.exe , 22.337066650390625000, 18.088912963867187500, 0.350250244140625000,  ,  1025, 1011, 12
4284661.exe , 22.110641479492187500, 17.880508422851562500, 0.349365234375000000,  ,  1024, 1012, 12
4284661.exe , 22.163940429687500000, 17.872802734375000000, 0.352279663085937500,  ,  1033, 1016, 16
4322500.exe , 62.126953125000000000, 50.346084594726562500, 0.950195312500000000,  ,  2794, 1759, 1035
4322500.exe , 63.019760131835937500, 51.110549926757812500, 0.952102661132812500,  ,  2799, 1702, 1097
4322500.exe , 62.737731933593750000, 50.884277343750000000, 0.950775146484375000,  ,  2795, 1744, 1052
4322500.exe , 61.820526123046875000, 50.066482543945312500, 0.951477050781250000,  ,  2797, 1821, 974
4322500.exe , 61.981948852539062500, 50.318923950195312500, 0.944808959960937500,  ,  2776, 1703, 1075
4322500.exe , 62.101867675781250000, 50.475646972656250000, 0.944610595703125000,  ,  2774, 1815, 959
4322500.exe , 62.529235839843750000, 50.698181152343750000, 0.950057983398437500,  ,  2794, 1672, 1120
4322500.exe , 62.232116699218750000, 50.490798950195312500, 0.948501586914062500,  ,  2790, 1758, 1030
4322500.exe , 62.136962890625000000, 50.469772338867187500, 0.946380615234375000,  ,  2781, 1834, 948
4322500.exe , 62.594100952148437500, 50.791046142578125000, 0.947738647460937500,  ,  2785, 1917, 869
4322500.exe , 62.380706787109375000, 50.618606567382812500, 0.952713012695312500,  ,  2799, 1796, 1004
4322500.exe , 62.917770385742187500, 51.016662597656250000, 0.952484130859375000,  ,  2797, 1849, 951
4322500.exe , 63.607299804687500000, 51.757308959960937500, 0.947937011718750000,  ,  2788, 1698, 1091
4322500.exe , 63.089981079101562500, 51.443161010742187500, 0.944503784179687500,  ,  2776, 1682, 1095
4322500.exe , 62.330307006835937500, 50.491897583007812500, 0.949798583984375000,  ,  2790, 1754, 1038
4322500.exe , 62.719070434570312500, 50.853286743164062500, 0.949752807617187500,  ,  2792, 1785, 1008
4322500.exe , 62.063049316406250000, 50.401550292968750000, 0.943939208984375000,  ,  2776, 1787, 989
4322500.exe , 62.432128906250000000, 50.697601318359375000, 0.952987670898437500,  ,  2801, 1684, 1117
4322500.exe , 62.718917846679687500, 50.818084716796875000, 0.954498291015625000,  ,  2805, 1701, 1102
4322500.exe , 62.075622558593750000, 50.378799438476562500, 0.947845458984375000,  ,  2786, 1695, 1091
4322500.exe , 62.134948730468750000, 50.445022583007812500, 0.947036743164062500,  ,  2785, 1778, 1006
4322500.exe , 62.750091552734375000, 50.959289550781250000, 0.945922851562500000,  ,  2780, 1753, 1029
4322500.exe , 61.812484741210937500, 50.090515136718750000, 0.949737548828125000,  ,  2792, 1790, 1003
4322500.exe , 62.074569702148437500, 50.416625976562500000, 0.944244384765625000,  ,  2775, 1714, 1063
4322500.exe , 61.898529052734375000, 50.251861572265625000, 0.944030761718750000,  ,  2775, 1763, 1010
4322500.exe , 61.791534423828125000, 50.113693237304687500, 0.947250366210937500,  ,  2784, 1838, 945
4322500.exe , 62.618713378906250000, 50.811660766601562500, 0.948410034179687500,  ,  2786, 1712, 1076
4322500.exe , 62.565307617187500000, 50.709991455078125000, 0.952438354492187500,  ,  2798, 1802, 999
4322500.exe , 62.092010498046875000, 50.380950927734375000, 0.948745727539062500,  ,  2788, 1728, 1061
4322500.exe , 62.383300781250000000, 50.590499877929687500, 0.954498291015625000,  ,  2807, 1650, 1159
4357556.exe , 66.598937988281250000, 53.759246826171875000, 0.977813720703125000,  ,  2874, 1669, 1206
4357556.exe , 67.025283813476562500, 54.240753173828125000, 0.974029541015625000,  ,  2863, 1660, 1203
4357556.exe , 66.547439575195312500, 53.752136230468750000, 0.975692749023437500,  ,  2868, 1756, 1110
4357556.exe , 66.214340209960937500, 53.460250854492187500, 0.972671508789062500,  ,  2858, 1740, 1119
4357556.exe , 67.375564575195312500, 54.528991699218750000, 0.975509643554687500,  ,  2869, 1740, 1127
4357556.exe , 67.590820312500000000, 54.804870605468750000, 0.973876953125000000,  ,  2863, 1731, 1129
4357556.exe , 66.604461669921875000, 53.844696044921875000, 0.972244262695312500,  ,  2859, 1713, 1145
4357556.exe , 66.564102172851562500, 53.800872802734375000, 0.972747802734375000,  ,  2859, 1689, 1170
4357556.exe , 66.837677001953125000, 54.018035888671875000, 0.976516723632812500,  ,  2871, 1710, 1159
4357556.exe , 66.648269653320312500, 53.878158569335937500, 0.972930908203125000,  ,  2858, 1704, 1154
4357556.exe , 66.576904296875000000, 53.769592285156250000, 0.975921630859375000,  ,  2868, 1720, 1148
4357556.exe , 66.690017700195312500, 53.914611816406250000, 0.972702026367187500,  ,  2857, 1707, 1149
4357556.exe , 66.605560302734375000, 53.830551147460937500, 0.972946166992187500,  ,  2858, 1688, 1172
4357556.exe , 66.752700805664062500, 53.944549560546875000, 0.972869873046875000,  ,  2859, 1719, 1139
4357556.exe , 67.256088256835937500, 54.286514282226562500, 0.979049682617187500,  ,  2877, 1776, 1099
4357556.exe , 66.698867797851562500, 53.958953857421875000, 0.969161987304687500,  ,  2850, 1686, 1163
4357556.exe , 67.152038574218750000, 54.314163208007812500, 0.972351074218750000,  ,  2860, 1634, 1223
4357556.exe , 66.530578613281250000, 53.747497558593750000, 0.971740722656250000,  ,  2856, 1747, 1111
4357556.exe , 66.876708984375000000, 54.044631958007812500, 0.974288940429687500,  ,  2866, 1687, 1179
4357556.exe , 66.997436523437500000, 54.265060424804687500, 0.970153808593750000,  ,  2853, 1722, 1127
4357556.exe , 66.515151977539062500, 53.736221313476562500, 0.973236083984375000,  ,  2860, 1702, 1159
4357556.exe , 67.677124023437500000, 54.737625122070312500, 0.978240966796875000,  ,  2874, 1720, 1156
4357556.exe , 66.370346069335937500, 53.562698364257812500, 0.975708007812500000,  ,  2867, 1752, 1116
4357556.exe , 66.635513305664062500, 53.867370605468750000, 0.971435546875000000,  ,  2855, 1699, 1156
4357556.exe , 66.507583618164062500, 53.722045898437500000, 0.973449707031250000,  ,  2861, 1699, 1163
4357556.exe , 67.011337280273437500, 54.257659912109375000, 0.973205566406250000,  ,  2862, 1709, 1152
4357556.exe , 66.702133178710937500, 53.892974853515625000, 0.976119995117187500,  ,  2869, 1741, 1129
4357556.exe , 66.887802124023437500, 54.099472045898437500, 0.974182128906250000,  ,  2861, 1719, 1143
4357556.exe , 67.752182006835937500, 54.797363281250000000, 0.979232788085937500,  ,  2878, 1700, 1179
4357556.exe , 67.014892578125000000, 54.221603393554687500, 0.972366333007812500,  ,  2858, 1661, 1200
4406522.exe , 76.041809082031250000, 61.564956665039062500, 1.103607177734375000,  ,  3244, 2074, 1173
4406522.exe , 75.797393798828125000, 61.320266723632812500, 1.101272583007812500,  ,  3237, 2111, 1125
4406522.exe , 74.890457153320312500, 60.547683715820312500, 1.096801757812500000,  ,  3226, 2026, 1197
4406522.exe , 75.037414550781250000, 60.733428955078125000, 1.100524902343750000,  ,  3233, 2065, 1171
4406522.exe , 76.103729248046875000, 61.610656738281250000, 1.105361938476562500,  ,  3251, 2037, 1214
4406522.exe , 75.163162231445312500, 60.869171142578125000, 1.098861694335937500,  ,  3231, 2057, 1174
4406522.exe , 75.157089233398437500, 60.917694091796875000, 1.095550537109375000,  ,  3223, 2078, 1144
4406522.exe , 75.873703002929687500, 61.385055541992187500, 1.098846435546875000,  ,  3233, 2028, 1201
4406522.exe , 75.299179077148437500, 60.890625000000000000, 1.104431152343750000,  ,  3247, 2109, 1138
4406522.exe , 75.701354980468750000, 61.242752075195312500, 1.104080200195312500,  ,  3246, 2044, 1203
4406522.exe , 76.116699218750000000, 61.625442504882812500, 1.105682373046875000,  ,  3251, 2121, 1131
4406522.exe , 74.929550170898437500, 60.486740112304687500, 1.101135253906250000,  ,  3236, 2005, 1230
4406522.exe , 75.946792602539062500, 61.499633789062500000, 1.102767944335937500,  ,  3242, 2063, 1178
4406522.exe , 74.985290527343750000, 60.691329956054687500, 1.101257324218750000,  ,  3235, 2022, 1215
4406522.exe , 75.945175170898437500, 61.539733886718750000, 1.100799560546875000,  ,  3235, 2147, 1086
4406522.exe , 74.988952636718750000, 60.728469848632812500, 1.098327636718750000,  ,  3229, 2106, 1123
4406522.exe , 74.941223144531250000, 60.677062988281250000, 1.098022460937500000,  ,  3227, 2056, 1174
4406522.exe , 75.224288940429687500, 60.941741943359375000, 1.098739624023437500,  ,  3231, 2126, 1104
4406522.exe , 76.111297607421875000, 61.734817504882812500, 1.100570678710937500,  ,  3235, 2040, 1195
4406522.exe , 75.201919555664062500, 60.916656494140625000, 1.098236083984375000,  ,  3229, 2047, 1181
4406522.exe , 75.891143798828125000, 61.381988525390625000, 1.106185913085937500,  ,  3254, 2079, 1173
4406522.exe , 75.497253417968750000, 61.049835205078125000, 1.101547241210937500,  ,  3236, 2067, 1170
4406522.exe , 75.795150756835937500, 61.298828125000000000, 1.100524902343750000,  ,  3235, 2085, 1150
4406522.exe , 75.127426147460937500, 60.757751464843750000, 1.099899291992187500,  ,  3234, 2060, 1174
4406522.exe , 76.013290405273437500, 61.579483032226562500, 1.101348876953125000,  ,  3238, 2071, 1167
4406522.exe , 76.193283081054687500, 61.808700561523437500, 1.099044799804687500,  ,  3231, 2126, 1103
4406522.exe , 75.552169799804687500, 61.194976806640625000, 1.098815917968750000,  ,  3230, 2075, 1154
4406522.exe , 75.592224121093750000, 61.201675415039062500, 1.099822998046875000,  ,  3233, 2053, 1178
4406522.exe , 75.801010131835937500, 61.297271728515625000, 1.103591918945312500,  ,  3243, 2036, 1206
4406522.exe , 75.360244750976562500, 60.904159545898437500, 1.101409912109375000,  ,  3239, 2101, 1139
4435506.exe , 66.423797607421875000, 53.736206054687500000, 0.962203979492187500,  ,  2828, 1678, 1150
4435506.exe , -65469.968399047851562500, 53.433914184570312500, 0.957183837890625000,  ,  2814, 1630, 1183
4435506.exe , 66.617004394531250000, 53.878799438476562500, 0.962570190429687500,  ,  2831, 1690, 1137
4435506.exe , 66.049896240234375000, 53.462539672851562500, 0.958099365234375000,  ,  2817, 1642, 1173
4435506.exe , 66.150726318359375000, 53.481185913085937500, 0.963241577148437500,  ,  2830, 1652, 1177
4435506.exe , 66.196380615234375000, 53.572097778320312500, 0.961837768554687500,  ,  2826, 1634, 1191
4435506.exe , 65.710510253906250000, 53.103561401367187500, 0.960586547851562500,  ,  2823, 1647, 1178
4435506.exe , 66.251388549804687500, 53.590820312500000000, 0.959472656250000000,  ,  2819, 1721, 1099
4435506.exe , 65.866424560546875000, 53.189270019531250000, 0.963180541992187500,  ,  2831, 1685, 1146
4435506.exe , 65.864822387695312500, 53.309646606445312500, 0.955032348632812500,  ,  2807, 1639, 1166
4435506.exe , 65.909301757812500000, 53.278961181640625000, 0.961517333984375000,  ,  2825, 1615, 1209
4435506.exe , 65.720733642578125000, 53.139129638671875000, 0.959808349609375000,  ,  2817, 1615, 1199
4435506.exe , 65.514114379882812500, 52.883941650390625000, 0.959243774414062500,  ,  2819, 1698, 1121
4435506.exe , 66.456375122070312500, 53.684295654296875000, 0.963058471679687500,  ,  2831, 1641, 1188
4435506.exe , 66.656188964843750000, 53.851715087890625000, 0.962844848632812500,  ,  2830, 1712, 1115
4435506.exe , 66.651687622070312500, 53.844146728515625000, 0.963378906250000000,  ,  2831, 1635, 1195
4435506.exe , 66.106063842773437500, 53.329299926757812500, 0.961914062500000000,  ,  2826, 1612, 1215
4435506.exe , 66.648925781250000000, 53.955001831054687500, 0.961425781250000000,  ,  2824, 1638, 1185
4435506.exe , 66.717025756835937500, 53.934722900390625000, 0.959564208984375000,  ,  2821, 1688, 1131
4435506.exe , 66.273483276367187500, 53.565521240234375000, 0.957626342773437500,  ,  2814, 1671, 1142
4435506.exe , 66.414474487304687500, 53.737457275390625000, 0.961090087890625000,  ,  2823, 1661, 1164
4435506.exe , 66.772354125976562500, 53.960586547851562500, 0.965713500976562500,  ,  2836, 1657, 1179
4435506.exe , 66.186843872070312500, 53.534790039062500000, 0.960357666015625000,  ,  2823, 1745, 1079
4435506.exe , 66.534469604492187500, 53.710052490234375000, 0.965454101562500000,  ,  2835, 1700, 1137
4435506.exe , 65.830169677734375000, 53.217300415039062500, 0.955978393554687500,  ,  2811, 1673, 1137
4435506.exe , 66.383911132812500000, 53.600082397460937500, 0.958328247070312500,  ,  2816, 1636, 1180
4435506.exe , 66.892089843750000000, 54.051498413085937500, 0.964782714843750000,  ,  2835, 1641, 1194
4435506.exe , 66.541549682617187500, 53.690765380859375000, 0.968338012695312500,  ,  2847, 1670, 1177
4435506.exe , 66.235748291015625000, 53.443435668945312500, 0.961044311523437500,  ,  2825, 1607, 1218
4435506.exe , 66.599700927734375000, 53.828048706054687500, 0.960784912109375000,  ,  2824, 1718, 1106
4520509.exe , 89.527801513671875000, 72.669631958007812500, 1.313186645507812500,  ,  3864, 2068, 1796
4520509.exe , 89.690567016601562500, 72.828704833984375000, 1.313583374023437500,  ,  3866, 2021, 1845
4520509.exe , 89.017669677734375000, 72.162963867187500000, 1.308731079101562500,  ,  3850, 1974, 1875
4520509.exe , 89.162597656250000000, 72.345291137695312500, 1.305709838867187500,  ,  3842, 2025, 1816
4520509.exe , 88.480194091796875000, 71.608886718750000000, 1.309463500976562500,  ,  3850, 2032, 1819
4520509.exe , 88.889801025390625000, 71.975173950195312500, 1.316894531250000000,  ,  3873, 1940, 1933
4520509.exe , 88.979110717773437500, 72.163787841796875000, 1.309570312500000000,  ,  3850, 1966, 1884
4520509.exe , 89.900085449218750000, 72.862075805664062500, 1.315246582031250000,  ,  3871, 2005, 1866
4520509.exe , 88.741653442382812500, 71.900344848632812500, 1.306854248046875000,  ,  3845, 1975, 1869
4520509.exe , 88.838470458984375000, 72.097793579101562500, 1.302810668945312500,  ,  3831, 2030, 1802
4520509.exe , 89.919311523437500000, 72.927581787109375000, 1.308517456054687500,  ,  3848, 1988, 1861
4520509.exe , 89.383575439453125000, 72.522796630859375000, 1.307403564453125000,  ,  3844, 2056, 1788
4520509.exe , 88.508087158203125000, 71.666061401367187500, 1.307723999023437500,  ,  3847, 1994, 1853
4520509.exe , 89.726882934570312500, 72.777893066406250000, 1.311080932617187500,  ,  3855, 1963, 1893
4520509.exe , 89.267883300781250000, 72.351623535156250000, 1.307418823242187500,  ,  3844, 1998, 1847
4520509.exe , 89.820083618164062500, 72.809204101562500000, 1.311813354492187500,  ,  3860, 1971, 1890
4520509.exe , 89.873092651367187500, 73.049118041992187500, 1.304367065429687500,  ,  3838, 1984, 1854
4520509.exe , 89.337600708007812500, 72.427154541015625000, 1.311645507812500000,  ,  3857, 2019, 1838
4520509.exe , 88.991775512695312500, 72.179748535156250000, 1.306991577148437500,  ,  3845, 1971, 1875
4520509.exe , 89.025802612304687500, 72.162551879882812500, 1.309341430664062500,  ,  3851, 2069, 1782
4520509.exe , 90.241989135742187500, 73.342071533203125000, 1.307312011718750000,  ,  3844, 2009, 1834
4520509.exe , 89.100051879882812500, 72.220001220703125000, 1.311355590820312500,  ,  3857, 1974, 1882
4520509.exe , 89.236770629882812500, 72.405212402343750000, 1.309829711914062500,  ,  3855, 2055, 1801
4520509.exe , 89.833694458007812500, 72.745315551757812500, 1.313598632812500000,  ,  3863, 1970, 1895
4520509.exe , 88.893310546875000000, 72.050460815429687500, 1.304992675781250000,  ,  3838, 2027, 1809
4520509.exe , 89.828369140625000000, 72.991699218750000000, 1.304702758789062500,  ,  3838, 2033, 1805
4520509.exe , 89.091690063476562500, 72.260360717773437500, 1.308288574218750000,  ,  3847, 2030, 1817
4520509.exe , 90.073120117187500000, 73.249267578125000000, 1.307708740234375000,  ,  3848, 1940, 1907
4520509.exe , 89.935531616210937500, 73.066955566406250000, 1.307601928710937500,  ,  3845, 2009, 1837
4520509.exe , 89.551391601562500000, 72.634124755859375000, 1.311126708984375000,  ,  3854, 2036, 1818
4573700.exe , 84.680191040039062500, 67.942047119140625000, 1.232025146484375000,  ,  3622, 1740, 1882
4573700.exe , 85.072174072265625000, 68.412872314453125000, 1.222015380859375000,  ,  3593, 1750, 1843
4573700.exe , 84.453063964843750000, 67.839797973632812500, 1.228668212890625000,  ,  3613, 1766, 1846
4573700.exe , 84.788619995117187500, 68.047515869140625000, 1.225921630859375000,  ,  3604, 1774, 1830
4573700.exe , 84.998291015625000000, 68.278732299804687500, 1.225845336914062500,  ,  3605, 1754, 1851
4573700.exe , 84.486145019531250000, 67.955596923828125000, 1.220520019531250000,  ,  3592, 1768, 1822
4573700.exe , 85.134414672851562500, 68.513595581054687500, 1.224609375000000000,  ,  3602, 1765, 1836
4573700.exe , 84.686691284179687500, 68.100112915039062500, 1.226806640625000000,  ,  3608, 1781, 1825
4573700.exe , 84.594573974609375000, 67.953170776367187500, 1.225540161132812500,  ,  3603, 1704, 1898
4573700.exe , 84.583938598632812500, 68.004577636718750000, 1.224182128906250000,  ,  3602, 1759, 1841
4573700.exe , 85.126831054687500000, 68.321823120117187500, 1.227127075195312500,  ,  3609, 1780, 1830
4573700.exe , 84.513671875000000000, 67.953887939453125000, 1.222274780273437500,  ,  3595, 1735, 1861
4573700.exe , 85.034835815429687500, 68.457992553710937500, 1.222976684570312500,  ,  3598, 1753, 1845
4573700.exe , 84.736434936523437500, 68.084732055664062500, 1.224166870117187500,  ,  3601, 1735, 1866
4573700.exe , 83.975006103515625000, 67.414978027343750000, 1.223281860351562500,  ,  3595, 1708, 1887
4573700.exe , 84.398788452148437500, 67.724044799804687500, 1.226470947265625000,  ,  3607, 1805, 1802
4573700.exe , 85.153808593750000000, 68.358047485351562500, 1.229400634765625000,  ,  3616, 1755, 1861
4573700.exe , 84.450775146484375000, 67.827438354492187500, 1.226806640625000000,  ,  3609, 1752, 1857
4573700.exe , 84.554428100585937500, 67.909210205078125000, 1.229888916015625000,  ,  3617, 1709, 1910
4573700.exe , 84.546401977539062500, 67.727096557617187500, 1.232177734375000000,  ,  3623, 1766, 1856
4573700.exe , 84.790603637695312500, 68.039855957031250000, 1.231460571289062500,  ,  3620, 1789, 1832
4573700.exe , 85.575836181640625000, 68.925399780273437500, 1.222091674804687500,  ,  3593, 1752, 1841
4573700.exe , 84.458969116210937500, 67.854232788085937500, 1.226364135742187500,  ,  3607, 1708, 1899
4573700.exe , 84.978805541992187500, 68.340744018554687500, 1.225387573242187500,  ,  3603, 1746, 1857
4573700.exe , 84.351470947265625000, 67.680191040039062500, 1.226043701171875000,  ,  3603, 1732, 1871
4573700.exe , 84.058181762695312500, 67.475128173828125000, 1.224639892578125000,  ,  3600, 1797, 1805
4573700.exe , 84.827575683593750000, 68.264556884765625000, 1.222915649414062500,  ,  3598, 1826, 1775
4573700.exe , 84.597702026367187500, 68.020935058593750000, 1.222335815429687500,  ,  3596, 1814, 1782
4573700.exe , 84.923660278320312500, 68.227905273437500000, 1.220672607421875000,  ,  3590, 1789, 1801
4573700.exe , 84.818969726562500000, 68.193847656250000000, 1.224807739257812500,  ,  3601, 1725, 1877
4839073.exe , 16.646713256835937500, 13.349395751953125000, 0.269424438476562500,  ,  788, 778, 12
4839073.exe , 16.417327880859375000, 13.072631835937500000, 0.275253295898437500,  ,  804, 792, 12
4839073.exe , 16.551361083984375000, 13.231124877929687500, 0.273147583007812500,  ,  800, 801, 0
4839073.exe , 16.319747924804687500, 13.001602172851562500, 0.273254394531250000,  ,  799, 770, 28
4839073.exe , 16.551788330078125000, 13.243835449218750000, 0.270919799804687500,  ,  790, 776, 16
4839073.exe , 16.567611694335937500, 13.241958618164062500, 0.270812988281250000,  ,  792, 768, 24
4839073.exe , 16.436492919921875000, 13.126815795898437500, 0.271713256835937500,  ,  795, 788, 8
4839073.exe , 16.531860351562500000, 13.205520629882812500, 0.272247314453125000,  ,  795, 796, 0
4839073.exe , 16.352645874023437500, 13.056060791015625000, 0.272232055664062500,  ,  797, 787, 8
4839073.exe , 16.398712158203125000, 13.048660278320312500, 0.273941040039062500,  ,  800, 792, 8
4839073.exe , 16.421508789062500000, 13.099365234375000000, 0.272430419921875000,  ,  798, 790, 8
4839073.exe , 16.398284912109375000, 13.038085937500000000, 0.273971557617187500,  ,  801, 776, 24
4839073.exe , 16.555252075195312500, 13.255737304687500000, 0.269012451171875000,  ,  788, 784, 4
4839073.exe , 16.293228149414062500, 12.975112915039062500, 0.272903442382812500,  ,  799, 785, 12
4839073.exe , 16.510482788085937500, 13.144790649414062500, 0.274978637695312500,  ,  803, 782, 20
4839073.exe , 16.650253295898437500, 13.320922851562500000, 0.271606445312500000,  ,  793, 778, 16
4839073.exe , 16.612243652343750000, 13.284332275390625000, 0.271240234375000000,  ,  794, 767, 24
4839073.exe , 16.336410522460937500, 13.024795532226562500, 0.271972656250000000,  ,  795, 779, 16
4839073.exe , 16.539337158203125000, 13.252746582031250000, 0.270492553710937500,  ,  792, 789, 4
4839073.exe , 16.681823730468750000, 13.440521240234375000, 0.265655517578125000,  ,  777, 768, 8
4839073.exe , 16.438827514648437500, 13.175964355468750000, 0.268402099609375000,  ,  787, 775, 12
4839073.exe , 16.334899902343750000, 12.986465454101562500, 0.273742675781250000,  ,  802, 786, 16
4839073.exe , 16.549728393554687500, 13.304412841796875000, 0.267135620117187500,  ,  783, 775, 8
4839073.exe , 16.454223632812500000, 13.169616699218750000, 0.270767211914062500,  ,  792, 791, 0
4839073.exe , 16.447860717773437500, 13.087463378906250000, 0.274917602539062500,  ,  805, 802, 0
4839073.exe , 16.468353271484375000, 13.175689697265625000, 0.270538330078125000,  ,  790, 781, 8
4839073.exe , 16.356750488281250000, 13.006072998046875000, 0.273788452148437500,  ,  801, 789, 12
4839073.exe , 16.471435546875000000, 13.185684204101562500, 0.270492553710937500,  ,  793, 783, 8
4839073.exe , 16.341537475585937500, 13.033065795898437500, 0.272491455078125000,  ,  800, 786, 12
4839073.exe , 16.508056640625000000, 13.187927246093750000, 0.271240234375000000,  ,  793, 779, 12
5103818.exe , 66.803665161132812500, 53.667083740234375000, 1.001358032226562500,  ,  2945, 1856, 1089
5103818.exe , 67.680908203125000000, 54.436126708984375000, 1.003143310546875000,  ,  2949, 1873, 1075
5103818.exe , 67.630828857421875000, 54.464782714843750000, 1.003295898437500000,  ,  2950, 1917, 1033
5103818.exe , 67.070770263671875000, 53.988861083984375000, 0.999450683593750000,  ,  2939, 1877, 1062
5103818.exe , 67.658996582031250000, 54.636993408203125000, 0.996276855468750000,  ,  2931, 1804, 1127
5103818.exe , 66.977416992187500000, 53.757400512695312500, 1.001556396484375000,  ,  2945, 1914, 1033
5103818.exe , 67.911834716796875000, 54.667602539062500000, 1.003143310546875000,  ,  2947, 1885, 1062
5103818.exe , 68.050506591796875000, 55.017333984375000000, 0.993392944335937500,  ,  2922, 1916, 1005
5103818.exe , 66.636215209960937500, 53.586074829101562500, 0.998489379882812500,  ,  2937, 1867, 1067
5103818.exe , 67.002487182617187500, 53.916931152343750000, 0.994796752929687500,  ,  2926, 1833, 1093
5103818.exe , 67.822891235351562500, 54.589111328125000000, 1.006347656250000000,  ,  2960, 1876, 1081
5103818.exe , 67.456390380859375000, 54.280914306640625000, 1.000518798828125000,  ,  2942, 1883, 1059
5103818.exe , 67.913436889648437500, 54.939941406250000000, 0.993545532226562500,  ,  2924, 1843, 1081
5103818.exe , 67.454666137695312500, 54.210205078125000000, 1.001434326171875000,  ,  2943, 1837, 1107
5103818.exe , 68.142227172851562500, 54.951721191406250000, 1.000228881835937500,  ,  2943, 1906, 1037
5103818.exe , 67.513000488281250000, 54.267730712890625000, 1.001190185546875000,  ,  2943, 1825, 1120
5103818.exe , 67.060684204101562500, 53.864807128906250000, 1.001373291015625000,  ,  2945, 1859, 1085
5103818.exe , 67.677169799804687500, 54.508224487304687500, 1.004226684570312500,  ,  2952, 1885, 1067
5103818.exe , 67.409317016601562500, 54.182952880859375000, 1.001312255859375000,  ,  2945, 1918, 1024
5103818.exe , 67.437683105468750000, 54.234497070312500000, 1.004714965820312500,  ,  2953, 1927, 1029
5103818.exe , 67.675781250000000000, 54.463546752929687500, 1.005767822265625000,  ,  2955, 1865, 1091
5103818.exe , 67.208114624023437500, 54.121795654296875000, 1.003707885742187500,  ,  2950, 1829, 1124
5103818.exe , 67.429901123046875000, 54.406661987304687500, 0.998016357421875000,  ,  2935, 1887, 1047
5103818.exe , 67.068115234375000000, 53.992279052734375000, 1.002120971679687500,  ,  2947, 1843, 1103
5103818.exe , 67.244522094726562500, 54.206695556640625000, 1.000289916992187500,  ,  2944, 1876, 1065
5103818.exe , 67.226776123046875000, 54.141113281250000000, 1.003692626953125000,  ,  2953, 1848, 1104
5103818.exe , 67.182449340820312500, 54.135803222656250000, 1.002960205078125000,  ,  2949, 1823, 1125
5103818.exe , 66.765029907226562500, 53.657546997070312500, 0.999465942382812500,  ,  2938, 1874, 1063
5103818.exe , 67.231277465820312500, 54.208801269531250000, 0.999923706054687500,  ,  2940, 1815, 1126
5103818.exe , 68.027832031250000000, 54.931701660156250000, 0.998977661132812500,  ,  2939, 1898, 1039
5234810.exe , 57.253768920898437500, 46.533538818359375000, 0.865936279296875000,  ,  2544, 1530, 1012
5234810.exe , 56.666549682617187500, 45.957199096679687500, 0.865295410156250000,  ,  2544, 1485, 1059
5234810.exe , 56.874588012695312500, 46.181961059570312500, 0.863830566406250000,  ,  2537, 1582, 957
5234810.exe , 57.021606445312500000, 46.346252441406250000, 0.864395141601562500,  ,  2541, 1612, 929
5234810.exe , 57.647705078125000000, 46.815002441406250000, 0.869018554687500000,  ,  2556, 1523, 1034
5234810.exe , 56.877441406250000000, 46.162017822265625000, 0.867111206054687500,  ,  2549, 1509, 1040
5234810.exe , 57.247589111328125000, 46.561050415039062500, 0.864303588867187500,  ,  2541, 1459, 1083
5234810.exe , 56.423950195312500000, 45.733963012695312500, 0.863601684570312500,  ,  2538, 1491, 1050
5234810.exe , 57.363174438476562500, 46.714706420898437500, 0.860061645507812500,  ,  2527, 1414, 1114
5234810.exe , 58.144515991210937500, 47.372253417968750000, 0.863555908203125000,  ,  2537, 1416, 1121
5234810.exe , 57.475418090820312500, 46.769256591796875000, 0.867095947265625000,  ,  2549, 1462, 1089
5234810.exe , 57.828857421875000000, 47.070953369140625000, 0.865707397460937500,  ,  2544, 1550, 995
5234810.exe , 57.513748168945312500, 46.829757690429687500, 0.865249633789062500,  ,  2543, 1436, 1107
5234810.exe , 57.545196533203125000, 46.834442138671875000, 0.866195678710937500,  ,  2549, 1431, 1119
5234810.exe , 56.627609252929687500, 45.942733764648437500, 0.863449096679687500,  ,  2539, 1542, 997
5234810.exe , 57.301376342773437500, 46.602249145507812500, 0.865310668945312500,  ,  2544, 1467, 1077
5234810.exe , 57.117919921875000000, 46.326049804687500000, 0.867797851562500000,  ,  2550, 1509, 1044
5234810.exe , 56.609985351562500000, 45.887161254882812500, 0.864807128906250000,  ,  2542, 1543, 999
5234810.exe , 57.200515747070312500, 46.575851440429687500, 0.858901977539062500,  ,  2524, 1528, 994
5234810.exe , 57.218750000000000000, 46.537338256835937500, 0.865005493164062500,  ,  2542, 1500, 1045
5234810.exe , 57.273345947265625000, 46.640319824218750000, 0.859893798828125000,  ,  2529, 1489, 1038
5234810.exe , 57.256301879882812500, 46.560913085937500000, 0.865768432617187500,  ,  2546, 1536, 1007
5234810.exe , 57.202255249023437500, 46.459762573242187500, 0.866012573242187500,  ,  2546, 1504, 1043
5234810.exe , 56.507293701171875000, 45.749710083007812500, 0.869354248046875000,  ,  2554, 1499, 1055
5234810.exe , 57.062896728515625000, 46.426803588867187500, 0.859970092773437500,  ,  2527, 1456, 1071
5234810.exe , 57.245300292968750000, 46.570388793945312500, 0.864990234375000000,  ,  2542, 1577, 964
5234810.exe , 56.996902465820312500, 46.355941772460937500, 0.862335205078125000,  ,  2534, 1555, 978
5234810.exe , 57.122283935546875000, 46.485412597656250000, 0.863067626953125000,  ,  2536, 1466, 1071
5234810.exe , 56.880172729492187500, 46.164001464843750000, 0.866500854492187500,  ,  2546, 1512, 1035
5234810.exe , 57.453979492187500000, 46.745513916015625000, 0.867538452148437500,  ,  2549, 1461, 1089
5490734.exe , 16.524032592773437500, 13.223098754882812500, 0.271881103515625000,  ,  797, 794, 0
5490734.exe , 16.413879394531250000, 13.100662231445312500, 0.273452758789062500,  ,  800, 794, 4
5490734.exe , 16.538726806640625000, 13.246261596679687500, 0.271850585937500000,  ,  798, 779, 16
5490734.exe , 16.591690063476562500, 13.280395507812500000, 0.272277832031250000,  ,  799, 787, 8
5490734.exe , 16.648941040039062500, 13.347137451171875000, 0.271286010742187500,  ,  796, 789, 4
5490734.exe , 16.572860717773437500, 13.306152343750000000, 0.269424438476562500,  ,  789, 763, 24
5490734.exe , 16.738601684570312500, 13.463180541992187500, 0.269912719726562500,  ,  792, 780, 12
5490734.exe , 16.441879272460937500, 13.111145019531250000, 0.274246215820312500,  ,  804, 796, 4
5490734.exe , 16.541656494140625000, 13.190917968750000000, 0.275375366210937500,  ,  805, 786, 20
5490734.exe , 16.482742309570312500, 13.166885375976562500, 0.273284912109375000,  ,  801, 781, 20
5490734.exe , 16.612152099609375000, 13.349945068359375000, 0.268646240234375000,  ,  789, 771, 16
5490734.exe , 16.419738769531250000, 13.090423583984375000, 0.274398803710937500,  ,  805, 781, 20
5490734.exe , 16.581878662109375000, 13.281951904296875000, 0.270599365234375000,  ,  794, 790, 0
5490734.exe , 16.689498901367187500, 13.407073974609375000, 0.270233154296875000,  ,  791, 783, 8
5490734.exe , 16.556762695312500000, 13.278564453125000000, 0.269973754882812500,  ,  790, 782, 8
5490734.exe , 16.592407226562500000, 13.304168701171875000, 0.270904541015625000,  ,  792, 778, 12
5490734.exe , 16.397766113281250000, 13.090270996093750000, 0.272705078125000000,  ,  798, 789, 8
5490734.exe , 16.540206909179687500, 13.219299316406250000, 0.273086547851562500,  ,  797, 785, 12
5490734.exe , 16.647811889648437500, 13.407073974609375000, 0.267272949218750000,  ,  783, 772, 12
5490734.exe , 16.558685302734375000, 13.223541259765625000, 0.273727416992187500,  ,  802, 792, 8
5490734.exe , 16.549880981445312500, 13.235946655273437500, 0.273391723632812500,  ,  801, 797, 4
5490734.exe , 16.347473144531250000, 13.041458129882812500, 0.272781372070312500,  ,  799, 787, 12
5490734.exe , 16.429458618164062500, 13.118789672851562500, 0.272857666015625000,  ,  800, 786, 12
5490734.exe , 16.441467285156250000, 13.159957885742187500, 0.271118164062500000,  ,  793, 773, 20
5490734.exe , 16.542724609375000000, 13.254364013671875000, 0.271041870117187500,  ,  793, 786, 4
5490734.exe , 16.531204223632812500, 13.264953613281250000, 0.269271850585937500,  ,  791, 787, 4
5490734.exe , 16.584182739257812500, 13.322982788085937500, 0.269378662109375000,  ,  790, 776, 12
5490734.exe , 16.431991577148437500, 13.147933959960937500, 0.270797729492187500,  ,  794, 789, 4
5490734.exe , 16.575424194335937500, 13.304946899414062500, 0.269470214843750000,  ,  789, 785, 4
5490734.exe , 16.567626953125000000, 13.276138305664062500, 0.270492553710937500,  ,  795, 783, 8
5547869.exe , 67.154586791992187500, 54.375473022460937500, 0.973907470703125000,  ,  2863, 1671, 1191
5547869.exe , 66.590225219726562500, 53.823699951171875000, 0.970108032226562500,  ,  2853, 1712, 1140
5547869.exe , 67.469924926757812500, 54.611618041992187500, 0.979431152343750000,  ,  2879, 1713, 1167
5547869.exe , 67.234802246093750000, 54.386169433593750000, 0.976760864257812500,  ,  2868, 1750, 1120
5547869.exe , 66.976913452148437500, 54.263717651367187500, 0.968566894531250000,  ,  2847, 1716, 1129
5547869.exe , 67.523559570312500000, 54.611114501953125000, 0.978485107421875000,  ,  2875, 1730, 1145
5547869.exe , 67.800277709960937500, 54.929931640625000000, 0.973129272460937500,  ,  2861, 1716, 1143
5547869.exe , 67.728805541992187500, 54.906005859375000000, 0.975311279296875000,  ,  2868, 1757, 1110
5547869.exe , 66.628189086914062500, 53.850585937500000000, 0.971572875976562500,  ,  2857, 1687, 1170
5547869.exe , 67.483551025390625000, 54.743316650390625000, 0.969757080078125000,  ,  2851, 1784, 1065
5547869.exe , 67.435897827148437500, 54.640548706054687500, 0.973663330078125000,  ,  2863, 1782, 1082
5547869.exe , 67.389770507812500000, 54.564407348632812500, 0.973739624023437500,  ,  2862, 1714, 1147
5547869.exe , 66.567291259765625000, 53.835845947265625000, 0.968368530273437500,  ,  2847, 1713, 1134
5547869.exe , 67.940689086914062500, 54.946014404296875000, 0.980819702148437500,  ,  2882, 1807, 1075
5547869.exe , 67.168319702148437500, 54.317626953125000000, 0.972213745117187500,  ,  2859, 1710, 1146
5547869.exe , 66.941909790039062500, 54.214355468750000000, 0.966690063476562500,  ,  2841, 1716, 1125
5547869.exe , 66.902420043945312500, 54.101760864257812500, 0.973007202148437500,  ,  2861, 1795, 1065
5547869.exe , 66.438568115234375000, 53.668914794921875000, 0.970916748046875000,  ,  2853, 1696, 1159
5547869.exe , 67.120346069335937500, 54.162597656250000000, 0.978195190429687500,  ,  2872, 1695, 1177
5547869.exe , 67.248733520507812500, 54.463653564453125000, 0.973388671875000000,  ,  2859, 1687, 1173
5547869.exe , 67.336624145507812500, 54.424331665039062500, 0.973541259765625000,  ,  2861, 1720, 1142
5547869.exe , 66.592193603515625000, 53.797821044921875000, 0.973587036132812500,  ,  2860, 1693, 1167
5547869.exe , 67.278106689453125000, 54.469100952148437500, 0.971160888671875000,  ,  2855, 1709, 1146
5547869.exe , 67.310470581054687500, 54.548400878906250000, 0.974060058593750000,  ,  2866, 1723, 1141
5547869.exe , 66.940170288085937500, 54.224502563476562500, 0.968551635742187500,  ,  2847, 1673, 1174
5547869.exe , 67.316574096679687500, 54.533843994140625000, 0.972076416015625000,  ,  2856, 1722, 1134
5547869.exe , 67.555099487304687500, 54.705093383789062500, 0.974914550781250000,  ,  2866, 1714, 1152
5547869.exe , 66.791793823242187500, 53.981933593750000000, 0.973815917968750000,  ,  2863, 1744, 1119
5547869.exe , 67.003128051757812500, 54.220474243164062500, 0.970123291015625000,  ,  2850, 1668, 1179
5547869.exe , 67.858810424804687500, 54.933837890625000000, 0.976013183593750000,  ,  2870, 1676, 1195
5603005.exe , 43.832107543945312500, 35.747909545898437500, 0.665542602539062500,  ,  1956, 1923, 32
5603005.exe , 43.997756958007812500, 35.894241333007812500, 0.666351318359375000,  ,  1956, 1944, 12
5603005.exe , 43.722717285156250000, 35.627059936523437500, 0.667648315429687500,  ,  1963, 1947, 16
5603005.exe , 43.787673950195312500, 35.682952880859375000, 0.667770385742187500,  ,  1962, 1949, 12
5603005.exe , 43.770019531250000000, 35.661727905273437500, 0.667968750000000000,  ,  1964, 1948, 16
5603005.exe , 43.869247436523437500, 35.809402465820312500, 0.663009643554687500,  ,  1950, 1929, 20
5603005.exe , 43.588500976562500000, 35.403778076171875000, 0.668624877929687500,  ,  1964, 1948, 16
5603005.exe , 44.072906494140625000, 35.934753417968750000, 0.665481567382812500,  ,  1955, 1941, 12
5603005.exe , 43.677169799804687500, 35.611907958984375000, 0.664871215820312500,  ,  1955, 1940, 16
5603005.exe , 44.119537353515625000, 36.028503417968750000, 0.664627075195312500,  ,  1954, 1938, 16
5603005.exe , 43.672317504882812500, 35.614974975585937500, 0.663848876953125000,  ,  1951, 1942, 8
5603005.exe , 43.632034301757812500, 35.433135986328125000, 0.668182373046875000,  ,  1964, 1946, 16
5603005.exe , 43.620986938476562500, 35.518554687500000000, 0.665939331054687500,  ,  1954, 1939, 16
5603005.exe , 43.876052856445312500, 35.683670043945312500, 0.668746948242187500,  ,  1965, 1941, 24
5603005.exe , 44.185165405273437500, 36.044982910156250000, 0.666824340820312500,  ,  1959, 1944, 16
5603005.exe , 44.178054809570312500, 36.035324096679687500, 0.666290283203125000,  ,  1958, 1951, 4
5603005.exe , 43.887084960937500000, 35.824310302734375000, 0.665878295898437500,  ,  1956, 1943, 12
5603005.exe , 43.856109619140625000, 35.671234130859375000, 0.668106079101562500,  ,  1965, 1947, 16
5603005.exe , 43.913024902343750000, 35.726165771484375000, 0.668533325195312500,  ,  1967, 1951, 16
5603005.exe , 43.771392822265625000, 35.681655883789062500, 0.667831420898437500,  ,  1961, 1947, 16
5603005.exe , 43.905197143554687500, 35.736526489257812500, 0.669479370117187500,  ,  1966, 1942, 24
5603005.exe , 44.046112060546875000, 35.896545410156250000, 0.666030883789062500,  ,  1957, 1939, 16
5603005.exe , 43.689605712890625000, 35.562698364257812500, 0.668060302734375000,  ,  1962, 1949, 12
5603005.exe , 43.905410766601562500, 35.727157592773437500, 0.668945312500000000,  ,  1965, 1940, 24
5603005.exe , 43.694641113281250000, 35.616683959960937500, 0.665252685546875000,  ,  1955, 1939, 12
5603005.exe , 43.930404663085937500, 35.816894531250000000, 0.663024902343750000,  ,  1946, 1922, 24
5603005.exe , 43.656280517578125000, 35.529342651367187500, 0.668212890625000000,  ,  1962, 1950, 12
5603005.exe , 43.733612060546875000, 35.663314819335937500, 0.665618896484375000,  ,  1956, 1922, 32
5603005.exe , 43.881790161132812500, 35.825637817382812500, 0.665405273437500000,  ,  1952, 1940, 12
5603005.exe , 44.186111450195312500, 36.070083618164062500, 0.664260864257812500,  ,  1952, 1935, 16
5607129.exe , 85.819320678710937500, 69.550231933593750000, 1.252166748046875000,  ,  3681, 1843, 1839
5607129.exe , 85.345077514648437500, 69.236495971679687500, 1.251388549804687500,  ,  3682, 1807, 1877
5607129.exe , 84.837387084960937500, 68.597946166992187500, 1.260208129882812500,  ,  3707, 1849, 1858
5607129.exe , 85.034194946289062500, 68.859466552734375000, 1.249313354492187500,  ,  3673, 1796, 1877
5607129.exe , 84.915283203125000000, 68.726196289062500000, 1.254348754882812500,  ,  3689, 1774, 1917
5607129.exe , 85.116180419921875000, -65466.977493286132812500, 1.250717163085937500,  ,  3680, 1854, 1825
5607129.exe , 84.456115722656250000, 68.249496459960937500, 1.256896972656250000,  ,  3698, 1855, 1841
5607129.exe , 84.634567260742187500, 68.373229980468750000, 1.260589599609375000,  ,  3707, 1836, 1871
5607129.exe , 84.696060180664062500, 68.472946166992187500, 1.259353637695312500,  ,  3702, 1828, 1874
5607129.exe , 85.104019165039062500, 68.790390014648437500, 1.262832641601562500,  ,  3715, 1895, 1821
5607129.exe , 84.560592651367187500, 68.334701538085937500, 1.255462646484375000,  ,  3692, 1829, 1862
5607129.exe , 85.071243286132812500, 68.907882690429687500, 1.252059936523437500,  ,  3680, 1794, 1887
5607129.exe , 84.383499145507812500, 68.172668457031250000, 1.255523681640625000,  ,  3694, 1796, 1899
5607129.exe , 84.933639526367187500, 68.663330078125000000, 1.251281738281250000,  ,  3679, 1762, 1918
5607129.exe , 86.117721557617187500, 69.796340942382812500, 1.254257202148437500,  ,  3689, 1781, 1906
5607129.exe , 84.778381347656250000, 68.600631713867187500, 1.253082275390625000,  ,  3684, 1824, 1861
5607129.exe , 85.056320190429687500, 68.865112304687500000, 1.252853393554687500,  ,  3684, 1855, 1831
5607129.exe , 84.963882446289062500, 68.767684936523437500, 1.255920410156250000,  ,  3695, 1846, 1850
5607129.exe , 84.812789916992187500, 68.687744140625000000, 1.249542236328125000,  ,  3675, 1831, 1844
5607129.exe , 85.279846191406250000, 69.075195312500000000, 1.259597778320312500,  ,  3704, 1860, 1845
5607129.exe , 84.718811035156250000, 68.558792114257812500, 1.254272460937500000,  ,  3689, 1839, 1851
5607129.exe , 84.661087036132812500, 68.536499023437500000, 1.249176025390625000,  ,  3674, 1785, 1890
5607129.exe , 85.829696655273437500, 69.528579711914062500, 1.257904052734375000,  ,  3700, 1922, 1777
5607129.exe , 84.615737915039062500, 68.476882934570312500, 1.251586914062500000,  ,  3681, 1824, 1858
5607129.exe , 85.257156372070312500, 69.041030883789062500, 1.253890991210937500,  ,  3690, 1786, 1903
5607129.exe , 84.931289672851562500, 68.722732543945312500, 1.255462646484375000,  ,  3693, 1909, 1785
5607129.exe , 85.538696289062500000, 69.333801269531250000, 1.256042480468750000,  ,  3694, 1816, 1880
5607129.exe , 85.025085449218750000, 68.738983154296875000, 1.257339477539062500,  ,  3697, 1862, 1835
5607129.exe , 84.800720214843750000, 68.573776245117187500, 1.258255004882812500,  ,  3704, 1836, 1867
5607129.exe , 85.206375122070312500, 68.908065795898437500, 1.257003784179687500,  ,  3699, 1839, 1859
573154.exe , 72.304580688476562500, 58.413330078125000000, 1.064392089843750000,  ,  3131, 1937, 1194
573154.exe , 72.678146362304687500, 58.787658691406250000, 1.065383911132812500,  ,  3135, 1942, 1192
573154.exe , 72.815414428710937500, 58.816040039062500000, 1.066802978515625000,  ,  3138, 1942, 1196
573154.exe , 71.897644042968750000, 58.003463745117187500, 1.062789916992187500,  ,  3125, 1994, 1129
573154.exe , 73.521377563476562500, 59.396072387695312500, 1.073898315429687500,  ,  3159, 2006, 1153
573154.exe , 73.056564331054687500, 59.069000244140625000, 1.070037841796875000,  ,  3147, 1935, 1210
573154.exe , 72.538589477539062500, 58.538619995117187500, 1.071060180664062500,  ,  3149, 2100, 1050
573154.exe , 72.659149169921875000, 58.669204711914062500, 1.068450927734375000,  ,  3141, 1991, 1149
573154.exe , 72.690719604492187500, 58.655319213867187500, 1.066238403320312500,  ,  3134, 1967, 1166
573154.exe , 72.927062988281250000, 59.005706787109375000, 1.067520141601562500,  ,  3138, 1976, 1161
573154.exe , 72.702514648437500000, 58.749374389648437500, 1.068176269531250000,  ,  3141, 1993, 1147
573154.exe , 72.508529663085937500, 58.534713745117187500, 1.070266723632812500,  ,  3147, 1953, 1196
573154.exe , 72.626724243164062500, 58.622879028320312500, 1.068359375000000000,  ,  3142, 2033, 1109
573154.exe , 72.906646728515625000, 58.807876586914062500, 1.073348999023437500,  ,  3153, 1965, 1187
573154.exe , 72.942962646484375000, 58.987823486328125000, 1.071289062500000000,  ,  3149, 1966, 1182
573154.exe , 72.808151245117187500, 58.912261962890625000, 1.065902709960937500,  ,  3135, 1968, 1166
573154.exe , 72.605682373046875000, 58.644744873046875000, 1.068084716796875000,  ,  3139, 2029, 1109
573154.exe , 73.444091796875000000, 59.329620361328125000, 1.073333740234375000,  ,  3154, 2007, 1147
573154.exe , 72.542739868164062500, 58.527938842773437500, 1.072494506835937500,  ,  3156, 1975, 1179
573154.exe , 72.982788085937500000, 58.949722290039062500, 1.073043823242187500,  ,  3156, 2058, 1096
573154.exe , 73.147705078125000000, 59.165725708007812500, 1.066406250000000000,  ,  3134, 1941, 1193
573154.exe , 72.620635986328125000, 58.519577026367187500, 1.070388793945312500,  ,  3146, 2075, 1071
573154.exe , 72.682495117187500000, 58.698287963867187500, 1.072143554687500000,  ,  3154, 1932, 1222
573154.exe , 73.024810791015625000, 58.888473510742187500, 1.072830200195312500,  ,  3154, 2016, 1137
573154.exe , 72.726348876953125000, 58.820861816406250000, 1.064620971679687500,  ,  3128, 1975, 1154
573154.exe , 72.681396484375000000, 58.641159057617187500, 1.073486328125000000,  ,  3155, 2053, 1104
573154.exe , 72.473434448242187500, 58.619506835937500000, 1.063446044921875000,  ,  3129, 1947, 1179
573154.exe , 72.423995971679687500, 58.390686035156250000, 1.069320678710937500,  ,  3144, 1997, 1147
573154.exe , 72.396331787109375000, 58.500686645507812500, 1.064987182617187500,  ,  3128, 1966, 1167
573154.exe , 72.484985351562500000, 58.576995849609375000, 1.065490722656250000,  ,  3130, 1989, 1140
5811064.exe , 32.938613891601562500, 26.812866210937500000, 0.500061035156250000,  ,  1467, 1446, 20
5811064.exe , 33.193786621093750000, 27.074218750000000000, 0.500183105468750000,  ,  1468, 1459, 8
5811064.exe , 33.197463989257812500, 27.145645141601562500, 0.498153686523437500,  ,  1463, 1454, 8
5811064.exe , 32.965057373046875000, 26.917282104492187500, 0.498870849609375000,  ,  1465, 1448, 16
5811064.exe , 32.899749755859375000, 26.840789794921875000, 0.499435424804687500,  ,  1466, 1450, 16
5811064.exe , 33.069000244140625000, 26.920486450195312500, 0.500549316406250000,  ,  1469, 1460, 8
5811064.exe , 32.906936645507812500, 26.820663452148437500, 0.501022338867187500,  ,  1471, 1464, 8
5811064.exe , 32.801971435546875000, 26.659683227539062500, 0.503158569335937500,  ,  1477, 1457, 20
5811064.exe , 33.057723999023437500, 26.940139770507812500, 0.500335693359375000,  ,  1468, 1457, 12
5811064.exe , 32.759094238281250000, 26.682617187500000000, 0.499938964843750000,  ,  1466, 1441, 24
5811064.exe , 32.957824707031250000, 26.888656616210937500, 0.500961303710937500,  ,  1470, 1447, 24
5811064.exe , 33.088500976562500000, 26.983352661132812500, 0.500045776367187500,  ,  1470, 1455, 16
5811064.exe , 32.882980346679687500, 26.789611816406250000, 0.502090454101562500,  ,  1473, 1463, 8
5811064.exe , 32.754348754882812500, 26.677062988281250000, 0.501403808593750000,  ,  1473, 1465, 8
5811064.exe , 33.176010131835937500, 27.140899658203125000, 0.497253417968750000,  ,  1459, 1441, 20
5811064.exe , 32.996643066406250000, 26.952453613281250000, 0.499374389648437500,  ,  1466, 1447, 16
5811064.exe , 32.972427368164062500, 26.860244750976562500, 0.500640869140625000,  ,  1471, 1454, 12
5811064.exe , 33.101562500000000000, 27.015029907226562500, 0.499832153320312500,  ,  1468, 1454, 12
5811064.exe , 33.226531982421875000, 27.120239257812500000, 0.498214721679687500,  ,  1464, 1443, 20
5811064.exe , 32.787033081054687500, 26.705749511718750000, 0.502471923828125000,  ,  1475, 1451, 24
5811064.exe , 33.220153808593750000, 27.170669555664062500, 0.496582031250000000,  ,  1459, 1447, 12
5811064.exe , 33.067489624023437500, 27.047271728515625000, 0.496780395507812500,  ,  1458, 1445, 12
5811064.exe , 32.833068847656250000, 26.740554809570312500, 0.503036499023437500,  ,  1476, 1452, 24
5811064.exe , 32.825164794921875000, 26.740447998046875000, 0.501708984375000000,  ,  1475, 1467, 4
5811064.exe , 32.848587036132812500, 26.800994873046875000, 0.499038696289062500,  ,  1465, 1447, 16
5811064.exe , 32.950592041015625000, 26.783935546875000000, 0.503738403320312500,  ,  1479, 1462, 16
5811064.exe , 32.976013183593750000, 26.804779052734375000, 0.503738403320312500,  ,  1477, 1455, 20
5811064.exe , 32.767776489257812500, 26.695709228515625000, 0.499938964843750000,  ,  1467, 1448, 20
5811064.exe , 33.099365234375000000, 27.009185791015625000, 0.496948242187500000,  ,  1458, 1440, 16
5811064.exe , 33.163528442382812500, 27.057052612304687500, 0.500122070312500000,  ,  1468, 1454, 12
5977378.exe , 67.011520385742187500, 54.189605712890625000, 0.978302001953125000,  ,  2877, 1692, 1184
5977378.exe , 67.666641235351562500, 54.732330322265625000, 0.981475830078125000,  ,  2886, 1707, 1179
5977378.exe , 67.776565551757812500, 54.937164306640625000, 0.976867675781250000,  ,  2870, 1702, 1165
5977378.exe , 67.358917236328125000, 54.423324584960937500, 0.977340698242187500,  ,  2873, 1631, 1240
5977378.exe , 67.621917724609375000, 54.630813598632812500, 0.981887817382812500,  ,  2884, 1662, 1223
5977378.exe , 67.634674072265625000, 54.643218994140625000, 0.980239868164062500,  ,  2880, 1749, 1132
5977378.exe , 67.047424316406250000, 54.250381469726562500, 0.974960327148437500,  ,  2864, 1677, 1187
5977378.exe , 67.671447753906250000, 54.652297973632812500, 0.982467651367187500,  ,  2887, 1760, 1129
5977378.exe , 67.506042480468750000, 54.630889892578125000, 0.978256225585937500,  ,  2877, 1713, 1164
5977378.exe , 67.258514404296875000, 54.408126831054687500, 0.980331420898437500,  ,  2882, 1750, 1133
5977378.exe , 67.306564331054687500, 54.364425659179687500, 0.979263305664062500,  ,  2875, 1674, 1202
5977378.exe , 67.268341064453125000, 54.500091552734375000, 0.972030639648437500,  ,  2858, 1742, 1116
5977378.exe , 67.458206176757812500, 54.552795410156250000, 0.974349975585937500,  ,  2864, 1665, 1199
5977378.exe , 67.426025390625000000, 54.534042358398437500, 0.977172851562500000,  ,  2871, 1717, 1154
5977378.exe , 67.654067993164062500, 54.664550781250000000, 0.982940673828125000,  ,  2890, 1743, 1142
5977378.exe , 67.713134765625000000, 54.744445800781250000, 0.976287841796875000,  ,  2869, 1711, 1159
5977378.exe , 66.898727416992187500, 54.088882446289062500, 0.976486206054687500,  ,  2871, 1660, 1211
5977378.exe , 67.876403808593750000, 54.915542602539062500, 0.981582641601562500,  ,  2886, 1662, 1223
5977378.exe , 67.411499023437500000, 54.472595214843750000, 0.975036621093750000,  ,  2867, 1704, 1162
5977378.exe , 67.700683593750000000, 54.678558349609375000, 0.980453491210937500,  ,  2881, 1663, 1219
5977378.exe , 67.308212280273437500, 54.501419067382812500, 0.974685668945312500,  ,  2864, 1710, 1156
5977378.exe , 67.716049194335937500, 54.922210693359375000, 0.974426269531250000,  ,  2864, 1670, 1193
5977378.exe , 67.650222778320312500, 54.691802978515625000, 0.978164672851562500,  ,  2875, 1750, 1126
5977378.exe , 67.800079345703125000, 54.849731445312500000, 0.979187011718750000,  ,  2879, 1725, 1153
5977378.exe , 67.970169067382812500, 54.928802490234375000, 0.980957031250000000,  ,  2883, 1681, 1203
5977378.exe , 67.360366821289062500, 54.515609741210937500, 0.977951049804687500,  ,  2875, 1756, 1117
5977378.exe , 67.544937133789062500, 54.628875732421875000, 0.977600097656250000,  ,  2875, 1694, 1178
5977378.exe , 67.262496948242187500, 54.393234252929687500, 0.974990844726562500,  ,  2866, 1665, 1201
5977378.exe , 66.998764038085937500, 54.149978637695312500, 0.978958129882812500,  ,  2879, 1703, 1174
5977378.exe , 67.820663452148437500, 54.888000488281250000, 0.979049682617187500,  ,  2877, 1692, 1185
5977756.exe , 115.470611572265625000, 93.641860961914062500, 1.699554443359375000,  ,  5002, 3158, 1844
5977756.exe , 114.938064575195312500, 93.285568237304687500, 1.705337524414062500,  ,  5017, 3129, 1891
5977756.exe , 116.134658813476562500, 94.554061889648437500, 1.699707031250000000,  ,  5001, 3175, 1824
5977756.exe , 115.613708496093750000, 93.864669799804687500, 1.705993652343750000,  ,  5019, 3238, 1781
5977756.exe , 115.074844360351562500, 93.451293945312500000, 1.707229614257812500,  ,  5019, 3183, 1839
5977756.exe , 116.094787597656250000, 94.365890502929687500, 1.700698852539062500,  ,  5002, 3121, 1883
5977756.exe , 116.222534179687500000, 94.508270263671875000, 1.705032348632812500,  ,  5015, 3179, 1834
5977756.exe , 115.451278686523437500, 93.953216552734375000, 1.698959350585937500,  ,  4996, 3171, 1825
5977756.exe , 114.775024414062500000, 93.009963989257812500, 1.701660156250000000,  ,  5002, 3134, 1869
5977756.exe , 116.916290283203125000, 95.156661987304687500, 1.709945678710937500,  ,  5029, 3155, 1873
5977756.exe , 115.584197998046875000, 93.988311767578125000, 1.708419799804687500,  ,  5029, 3180, 1846
5977756.exe , 115.435363769531250000, 93.600738525390625000, 1.704086303710937500,  ,  5014, 3132, 1878
5977756.exe , 115.327651977539062500, 93.655960083007812500, 1.706207275390625000,  ,  5021, 3114, 1909
5977756.exe , 115.886138916015625000, 93.939422607421875000, 1.709854125976562500,  ,  5032, 3121, 1911
5977756.exe , 114.968643188476562500, 93.163635253906250000, 1.704650878906250000,  ,  5016, 3196, 1818
5977756.exe , 116.158950805664062500, 94.163940429687500000, 1.714019775390625000,  ,  5040, 3214, 1826
5977756.exe , 115.571578979492187500, 93.788665771484375000, 1.707778930664062500,  ,  5024, 3141, 1883
5977756.exe , 115.547195434570312500, 93.684448242187500000, 1.705795288085937500,  ,  5017, 3115, 1904
5977756.exe , 115.140243530273437500, 93.458206176757812500, 1.709121704101562500,  ,  5027, 3169, 1860
5977756.exe , 115.468872070312500000, 93.637924194335937500, 1.707778930664062500,  ,  5023, 3145, 1876
5977756.exe , 115.448379516601562500, 93.628555297851562500, 1.705474853515625000,  ,  5019, 3149, 1868
5977756.exe , 115.653564453125000000, 93.864669799804687500, 1.706970214843750000,  ,  5022, 3176, 1846
5977756.exe , 115.719039916992187500, 93.891998291015625000, 1.712539672851562500,  ,  5040, 3209, 1829
5977756.exe , 115.574829101562500000, 93.856689453125000000, 1.709472656250000000,  ,  5029, 3139, 1892
5977756.exe , 115.251724243164062500, 93.474700927734375000, 1.703277587890625000,  ,  5011, 3152, 1859
5977756.exe , 115.554916381835937500, 93.627609252929687500, 1.707519531250000000,  ,  5024, 3182, 1844
5977756.exe , 115.522003173828125000, 93.754211425781250000, 1.703170776367187500,  ,  5013, 3170, 1841
5977756.exe , 115.785675048828125000, 93.822204589843750000, 1.707550048828125000,  ,  5024, 3215, 1810
5977756.exe , 115.023223876953125000, 93.357940673828125000, 1.703384399414062500,  ,  5014, 3171, 1843
5977756.exe , 115.596771240234375000, 93.731536865234375000, 1.706787109375000000,  ,  5023, 3199, 1826
5978296.exe , 71.878906250000000000, 57.722030639648437500, 1.030380249023437500,  ,  3029, 1885, 1143
5978296.exe , 72.165573120117187500, 57.966995239257812500, 1.028656005859375000,  ,  3023, 1873, 1152
5978296.exe , 72.362686157226562500, 58.119003295898437500, 1.031723022460937500,  ,  3033, 1845, 1187
5978296.exe , 72.335235595703125000, 58.089141845703125000, 1.028335571289062500,  ,  3021, 1861, 1159
5978296.exe , 72.222244262695312500, 57.990554809570312500, 1.028060913085937500,  ,  3023, 1873, 1149
5978296.exe , 72.209640502929687500, 57.911712646484375000, 1.030364990234375000,  ,  3030, 1887, 1144
5978296.exe , 71.645843505859375000, 57.558410644531250000, 1.023193359375000000,  ,  3008, 1876, 1131
5978296.exe , 72.693313598632812500, 58.345458984375000000, 1.034072875976562500,  ,  3040, 1946, 1095
5978296.exe , 71.882949829101562500, 57.783752441406250000, 1.024429321289062500,  ,  3010, 1814, 1195
5978296.exe , 72.595260620117187500, 58.300338745117187500, 1.031768798828125000,  ,  3032, 1911, 1122
5978296.exe , 72.310089111328125000, 57.966918945312500000, 1.030151367187500000,  ,  3029, 1847, 1184
5978296.exe , 72.268692016601562500, 57.989761352539062500, 1.030624389648437500,  ,  3029, 1873, 1159
5978296.exe , 72.920623779296875000, 58.617431640625000000, 1.034683227539062500,  ,  3041, 1889, 1152
5978296.exe , 72.737960815429687500, 58.328643798828125000, 1.035552978515625000,  ,  3045, 1877, 1166
5978296.exe , 72.487487792968750000, 58.165740966796875000, 1.031143188476562500,  ,  3032, 1910, 1122
5978296.exe , 72.178543090820312500, 58.008148193359375000, 1.027236938476562500,  ,  3019, 1889, 1130
5978296.exe , 72.502304077148437500, 58.100189208984375000, 1.035293579101562500,  ,  3042, 1870, 1173
5978296.exe , 72.541427612304687500, 58.239746093750000000, 1.031997680664062500,  ,  3032, 1840, 1194
5978296.exe , 72.653915405273437500, 58.383148193359375000, 1.030776977539062500,  ,  3028, 1848, 1180
5978296.exe , 71.660583496093750000, 57.502136230468750000, 1.027786254882812500,  ,  3023, 1863, 1159
5978296.exe , 72.587173461914062500, 58.309112548828125000, 1.033142089843750000,  ,  3036, 1934, 1103
5978296.exe , 72.725540161132812500, 58.323684692382812500, 1.032501220703125000,  ,  3036, 1956, 1079
5978296.exe , 72.552795410156250000, 58.214920043945312500, 1.028839111328125000,  ,  3021, 1869, 1152
5978296.exe , 71.908843994140625000, 57.704376220703125000, 1.029190063476562500,  ,  3025, 1891, 1136
5978296.exe , 72.797973632812500000, 58.608489990234375000, 1.028137207031250000,  ,  3022, 1902, 1122
5978296.exe , 71.590866088867187500, 57.440093994140625000, 1.028610229492187500,  ,  3023, 1858, 1164
5978296.exe , 72.580993652343750000, 58.354766845703125000, 1.032012939453125000,  ,  3034, 1876, 1157
5978296.exe , 72.890075683593750000, 58.500625610351562500, 1.035217285156250000,  ,  3043, 1869, 1174
5978296.exe , 71.679138183593750000, 57.536041259765625000, 1.025650024414062500,  ,  3014, 1832, 1180
5978296.exe , 72.733520507812500000, 58.409393310546875000, 1.034957885742187500,  ,  3043, 1865, 1181
5980769.exe , 63.685775756835937500, 51.202072143554687500, 0.944412231445312500,  ,  2775, 1646, 1131
5980769.exe , 63.523117065429687500, 51.047134399414062500, 0.942199707031250000,  ,  2770, 1649, 1119
5980769.exe , 63.939743041992187500, 51.515991210937500000, 0.943939208984375000,  ,  2775, 1720, 1054
5980769.exe , 63.804290771484375000, 51.455230712890625000, 0.942138671875000000,  ,  2769, 1636, 1132
5980769.exe , 63.385498046875000000, 51.050933837890625000, 0.937515258789062500,  ,  2756, 1707, 1050
5980769.exe , 63.529022216796875000, 51.105575561523437500, 0.940673828125000000,  ,  2765, 1690, 1076
5980769.exe , 63.785980224609375000, 51.367828369140625000, 0.943435668945312500,  ,  2771, 1716, 1055
5980769.exe , 64.016082763671875000, 51.433563232421875000, 0.950241088867187500,  ,  2795, 1632, 1162
5980769.exe , 63.653167724609375000, 51.160064697265625000, 0.945236206054687500,  ,  2778, 1719, 1061
5980769.exe , 63.678726196289062500, 51.133438110351562500, 0.947723388671875000,  ,  2788, 1674, 1113
5980769.exe , 63.527709960937500000, 51.087905883789062500, 0.944763183593750000,  ,  2777, 1701, 1076
5980769.exe , 63.401855468750000000, 50.927673339843750000, 0.944183349609375000,  ,  2774, 1589, 1187
5980769.exe , 63.201477050781250000, 50.782135009765625000, 0.942138671875000000,  ,  2769, 1675, 1092
5980769.exe , 63.758773803710937500, 51.277221679687500000, 0.945724487304687500,  ,  2779, 1698, 1083
5980769.exe , 63.259246826171875000, 50.797866821289062500, 0.943115234375000000,  ,  2772, 1655, 1115
5980769.exe , 63.382843017578125000, 50.936965942382812500, 0.944839477539062500,  ,  2780, 1671, 1109
5980769.exe , 63.628799438476562500, 51.159011840820312500, 0.946517944335937500,  ,  2779, 1683, 1098
5980769.exe , 63.332397460937500000, 50.795120239257812500, 0.949310302734375000,  ,  2788, 1687, 1102
5980769.exe , 63.875534057617187500, 51.308456420898437500, 0.946975708007812500,  ,  2786, 1654, 1130
5980769.exe , 63.326461791992187500, 50.890563964843750000, 0.943695068359375000,  ,  2774, 1693, 1081
5980769.exe , 63.376266479492187500, 50.991256713867187500, 0.942245483398437500,  ,  2770, 1675, 1096
5980769.exe , 63.533370971679687500, 51.077819824218750000, 0.944641113281250000,  ,  2777, 1685, 1093
5980769.exe , 63.946487426757812500, 51.513870239257812500, 0.945419311523437500,  ,  2779, 1638, 1142
5980769.exe , 63.634109497070312500, 51.228317260742187500, 0.945251464843750000,  ,  2778, 1658, 1121
5980769.exe , 63.327621459960937500, 50.902420043945312500, 0.945098876953125000,  ,  2779, 1667, 1114
5980769.exe , 63.390914916992187500, 51.000671386718750000, 0.940811157226562500,  ,  2765, 1689, 1076
5980769.exe , 63.147384643554687500, 50.613159179687500000, 0.946716308593750000,  ,  2781, 1650, 1133
5980769.exe , 63.740722656250000000, 51.140869140625000000, 0.949554443359375000,  ,  2790, 1748, 1046
5980769.exe , 63.179397583007812500, 50.698272705078125000, 0.946182250976562500,  ,  2780, 1626, 1155
5980769.exe , 63.875640869140625000, 51.349792480468750000, 0.946609497070312500,  ,  2782, 1627, 1157
5980820.exe , 56.434829711914062500, 45.433578491210937500, 0.829162597656250000,  ,  2439, 1406, 1033
5980820.exe , 57.125747680664062500, 45.996994018554687500, 0.836303710937500000,  ,  2459, 1417, 1043
5980820.exe , 57.074356079101562500, 45.883163452148437500, 0.832092285156250000,  ,  2446, 1333, 1112
5980820.exe , 57.078872680664062500, 45.866622924804687500, 0.836013793945312500,  ,  2456, 1448, 1010
5980820.exe , 56.384689331054687500, 45.286239624023437500, 0.837326049804687500,  ,  2461, 1372, 1089
5980820.exe , 57.081527709960937500, 45.857986450195312500, 0.838684082031250000,  ,  2465, 1428, 1039
5980820.exe , 56.806732177734375000, 45.568832397460937500, 0.839172363281250000,  ,  2464, 1351, 1113
5980820.exe , 56.814132690429687500, 45.609130859375000000, 0.838684082031250000,  ,  2465, 1363, 1103
5980820.exe , 56.268051147460937500, 45.241546630859375000, 0.833190917968750000,  ,  2449, 1426, 1023
5980820.exe , 56.845794677734375000, 45.673889160156250000, 0.837295532226562500,  ,  2460, 1335, 1125
5980820.exe , 56.783660888671875000, 45.587463378906250000, 0.837661743164062500,  ,  2461, 1368, 1094
5980820.exe , 56.459396362304687500, 45.410629272460937500, 0.834457397460937500,  ,  2453, 1380, 1075
5980820.exe , 56.535858154296875000, 45.374969482421875000, 0.838104248046875000,  ,  2463, 1408, 1053
5980820.exe , 57.188125610351562500, 46.033157348632812500, 0.836303710937500000,  ,  2457, 1406, 1053
5980820.exe , 57.069961547851562500, 45.830673217773437500, 0.838363647460937500,  ,  2464, 1338, 1124
5980820.exe , 57.165802001953125000, 46.044021606445312500, 0.833236694335937500,  ,  2448, 1368, 1084
5980820.exe , 56.939376831054687500, 45.778015136718750000, 0.833190917968750000,  ,  2447, 1396, 1053
5980820.exe , 57.157516479492187500, 45.936828613281250000, 0.837249755859375000,  ,  2460, 1374, 1087
5980820.exe , 57.004455566406250000, 45.778045654296875000, 0.837356567382812500,  ,  2462, 1402, 1061
5980820.exe , 56.291229248046875000, 45.224868774414062500, 0.836410522460937500,  ,  2456, 1391, 1065
5980820.exe , 57.378082275390625000, 46.202987670898437500, 0.838836669921875000,  ,  2465, 1427, 1039
5980820.exe , 56.736358642578125000, 45.647125244140625000, 0.836395263671875000,  ,  2458, 1406, 1053
5980820.exe , 57.272918701171875000, 46.071853637695312500, 0.839828491210937500,  ,  2468, 1344, 1123
5980820.exe , 56.479019165039062500, 45.395401000976562500, 0.833389282226562500,  ,  2450, 1389, 1062
5980820.exe , 56.949615478515625000, 45.724929809570312500, 0.836441040039062500,  ,  2455, 1381, 1076
5980820.exe , 56.863067626953125000, 45.712142944335937500, 0.836883544921875000,  ,  2460, 1395, 1065
5980820.exe , 56.984527587890625000, 45.753921508789062500, 0.836685180664062500,  ,  2459, 1437, 1022
5980820.exe , 56.877410888671875000, 45.729400634765625000, 0.836837768554687500,  ,  2458, 1403, 1055
5980820.exe , 56.951889038085937500, 45.752578735351562500, 0.832214355468750000,  ,  2445, 1397, 1047
5980820.exe , 56.433547973632812500, 45.386413574218750000, 0.829650878906250000,  ,  2440, 1385, 1055
5981388.exe , 16.586471557617187500, 13.268264770507812500, 0.270751953125000000,  ,  792, 777, 16
5981388.exe , 16.445480346679687500, 13.133148193359375000, 0.272598266601562500,  ,  796, 777, 20
5981388.exe , 16.411727905273437500, 13.058441162109375000, 0.273971557617187500,  ,  801, 783, 16
5981388.exe , 16.463775634765625000, 13.129364013671875000, 0.273315429687500000,  ,  800, 788, 12
5981388.exe , 16.791397094726562500, 13.594680786132812500, 0.262863159179687500,  ,  769, 760, 8
5981388.exe , 16.544082641601562500, 13.198989868164062500, 0.273864746093750000,  ,  801, 786, 16
5981388.exe , 16.477706909179687500, 13.198242187500000000, 0.270126342773437500,  ,  790, 774, 16
5981388.exe , 16.521652221679687500, 13.185821533203125000, 0.273056030273437500,  ,  799, 787, 12
5981388.exe , 16.544570922851562500, 13.223236083984375000, 0.271057128906250000,  ,  793, 783, 8
5981388.exe , 16.479141235351562500, 13.156356811523437500, 0.272293090820312500,  ,  796, 789, 8
5981388.exe , 16.407958984375000000, 13.078155517578125000, 0.272186279296875000,  ,  797, 781, 16
5981388.exe , 16.509826660156250000, 13.195861816406250000, 0.271789550781250000,  ,  797, 795, 0
5981388.exe , 16.437866210937500000, 13.082504272460937500, 0.274230957031250000,  ,  801, 789, 12
5981388.exe , 16.516799926757812500, 13.199798583984375000, 0.270843505859375000,  ,  791, 779, 12
5981388.exe , 16.460540771484375000, 13.191177368164062500, 0.268768310546875000,  ,  788, 778, 8
5981388.exe , 16.426147460937500000, 13.061721801757812500, 0.274948120117187500,  ,  805, 788, 16
5981388.exe , 16.501235961914062500, 13.167022705078125000, 0.274337768554687500,  ,  802, 788, 12
5981388.exe , 16.605972290039062500, 13.318252563476562500, 0.267654418945312500,  ,  784, 772, 12
5981388.exe , 16.721588134765625000, 13.430358886718750000, 0.268280029296875000,  ,  785, 775, 8
5981388.exe , 16.347808837890625000, 13.037780761718750000, 0.272201538085937500,  ,  797, 778, 20
5981388.exe , 16.437484741210937500, 13.079605102539062500, 0.274917602539062500,  ,  804, 797, 8
5981388.exe , 16.545883178710937500, 13.215103149414062500, 0.273635864257812500,  ,  801, 788, 12
5981388.exe , 16.467605590820312500, 13.154876708984375000, 0.270828247070312500,  ,  791, 787, 4
5981388.exe , 16.493057250976562500, 13.174774169921875000, 0.272079467773437500,  ,  797, 791, 4
5981388.exe , 16.472534179687500000, 13.149307250976562500, 0.271667480468750000,  ,  794, 790, 4
5981388.exe , 16.476043701171875000, 13.126724243164062500, 0.274124145507812500,  ,  802, 795, 8
5981388.exe , 16.498321533203125000, 13.163009643554687500, 0.270843505859375000,  ,  792, 773, 20
5981388.exe , 16.497283935546875000, 13.183212280273437500, 0.271530151367187500,  ,  796, 790, 4
5981388.exe , 16.423156738281250000, 13.078765869140625000, 0.273696899414062500,  ,  802, 786, 16
5981388.exe , 16.576034545898437500, 13.289810180664062500, 0.269989013671875000,  ,  791, 786, 4
5981843.exe , 18.120025634765625000, 14.644104003906250000, 0.283370971679687500,  ,  829, 768, 60
5981843.exe , 17.917327880859375000, 14.423187255859375000, 0.286987304687500000,  ,  840, 790, 48
5981843.exe , 18.080307006835937500, 14.614517211914062500, 0.283386230468750000,  ,  830, 779, 52
5981843.exe , 17.898345947265625000, 14.430145263671875000, 0.284912109375000000,  ,  836, 792, 44
5981843.exe , 18.265518188476562500, 14.882141113281250000, 0.278121948242187500,  ,  815, 770, 45
5981843.exe , 18.117477416992187500, 14.658676147460937500, 0.284530639648437500,  ,  834, 791, 44
5981843.exe , 18.131332397460937500, 14.732131958007812500, 0.280670166015625000,  ,  821, 773, 49
5981843.exe , 18.119277954101562500, 14.670288085937500000, 0.283447265625000000,  ,  829, 793, 36
5981843.exe , 17.986053466796875000, 14.475509643554687500, 0.287460327148437500,  ,  840, 800, 40
5981843.exe , 18.172149658203125000, 14.754837036132812500, 0.280746459960937500,  ,  821, 783, 36
5981843.exe , 18.174819946289062500, 14.732223510742187500, 0.282882690429687500,  ,  828, 782, 44
5981843.exe , 18.191894531250000000, 14.696823120117187500, 0.285781860351562500,  ,  836, 794, 40
5981843.exe , 18.138626098632812500, 14.654693603515625000, 0.285705566406250000,  ,  834, 802, 32
5981843.exe , 18.201354980468750000, 14.799957275390625000, 0.279678344726562500,  ,  818, 782, 36
5981843.exe , 18.245285034179687500, 14.775512695312500000, 0.283462524414062500,  ,  830, 787, 41
5981843.exe , 18.130004882812500000, 14.711807250976562500, 0.280029296875000000,  ,  820, 783, 37
5981843.exe , 18.057601928710937500, 14.547286987304687500, 0.286453247070312500,  ,  838, 778, 60
5981843.exe , 18.190124511718750000, 14.754043579101562500, 0.282302856445312500,  ,  826, 777, 48
5981843.exe , 18.288284301757812500, 14.869369506835937500, 0.278244018554687500,  ,  814, 766, 49
5981843.exe , 18.003860473632812500, 14.514678955078125000, 0.286422729492187500,  ,  837, 795, 44
5981843.exe , 18.276397705078125000, 14.849319458007812500, 0.280181884765625000,  ,  822, 787, 32
5981843.exe , 18.074478149414062500, 14.603103637695312500, 0.285476684570312500,  ,  836, 786, 48
5981843.exe , 18.024276733398437500, 14.513137817382812500, 0.287521362304687500,  ,  841, 794, 48
5981843.exe , 17.948944091796875000, 14.473464965820312500, 0.283935546875000000,  ,  832, 764, 64
5981843.exe , 18.168365478515625000, 14.719940185546875000, 0.283264160156250000,  ,  829, 799, 28
5981843.exe , 18.059249877929687500, 14.592163085937500000, 0.283660888671875000,  ,  831, 775, 56
5981843.exe , 18.001541137695312500, 14.511795043945312500, 0.286148071289062500,  ,  838, 793, 44
5981843.exe , 18.005249023437500000, 14.530654907226562500, 0.285385131835937500,  ,  836, 801, 36
5981843.exe , 18.129104614257812500, 14.692810058593750000, 0.280746459960937500,  ,  821, 781, 41
5981843.exe , 18.340270996093750000, 14.957702636718750000, 0.277725219726562500,  ,  812, 780, 32
5982098.exe , 22.211090087890625000, 17.783813476562500000, 0.362030029296875000,  ,  1061, 1049, 8
5982098.exe , 22.487457275390625000, 18.102157592773437500, 0.358078002929687500,  ,  1052, 1029, 16
5982098.exe , 22.707244873046875000, 18.371612548828125000, 0.355773925781250000,  ,  1044, 1026, 16
5982098.exe , 22.590316772460937500, 18.196472167968750000, 0.359222412109375000,  ,  1052, 1043, 8
5982098.exe , 22.536102294921875000, 18.152877807617187500, 0.358703613281250000,  ,  1051, 1036, 16
5982098.exe , 22.275695800781250000, 17.833374023437500000, 0.362838745117187500,  ,  1063, 1048, 16
5982098.exe , 22.579483032226562500, 18.176773071289062500, 0.358901977539062500,  ,  1054, 1041, 8
5982098.exe , 22.494750976562500000, 18.095550537109375000, 0.359786987304687500,  ,  1055, 1047, 8
5982098.exe , 22.664382934570312500, 18.266571044921875000, 0.359680175781250000,  ,  1055, 1035, 16
5982098.exe , 22.487930297851562500, 18.077499389648437500, 0.359527587890625000,  ,  1054, 1043, 12
5982098.exe , 22.472763061523437500, 18.123382568359375000, 0.358139038085937500,  ,  1052, 1030, 20
5982098.exe , 22.394668579101562500, 17.990249633789062500, 0.362121582031250000,  ,  1062, 1042, 20
5982098.exe , 22.580551147460937500, 18.203002929687500000, 0.358596801757812500,  ,  1052, 1037, 16
5982098.exe , 22.541290283203125000, 18.161132812500000000, 0.358291625976562500,  ,  1052, 1031, 16
5982098.exe , 22.177093505859375000, 17.800170898437500000, 0.361175537109375000,  ,  1060, 1047, 8
5982098.exe , 22.386932373046875000, 18.009857177734375000, 0.359039306640625000,  ,  1053, 1038, 12
5982098.exe , 22.546432495117187500, 18.190246582031250000, 0.356826782226562500,  ,  1048, 1033, 12
5982098.exe , 22.345901489257812500, 17.951507568359375000, 0.359176635742187500,  ,  1052, 1038, 12
5982098.exe , 22.331893920898437500, 17.999969482421875000, 0.359191894531250000,  ,  1051, 1037, 16
5982098.exe , 22.667236328125000000, 18.341552734375000000, 0.355545043945312500,  ,  1043, 1026, 16
5982098.exe , 22.487594604492187500, 18.112335205078125000, 0.359390258789062500,  ,  1055, 1048, 4
5982098.exe , 22.445236206054687500, 18.084686279296875000, 0.358749389648437500,  ,  1051, 1031, 20
5982098.exe , 22.554473876953125000, 18.195938110351562500, 0.359085083007812500,  ,  1053, 1030, 20
5982098.exe , 22.373931884765625000, 18.022857666015625000, 0.358871459960937500,  ,  1053, 1035, 16
5982098.exe , 22.403900146484375000, 17.988449096679687500, 0.361755371093750000,  ,  1060, 1051, 8
5982098.exe , 22.322448730468750000, 17.894180297851562500, 0.362197875976562500,  ,  1062, 1047, 16
5982098.exe , 22.468597412109375000, 18.079696655273437500, 0.358093261718750000,  ,  1050, 1023, 28
5982098.exe , 22.463165283203125000, 18.108169555664062500, 0.358444213867187500,  ,  1051, 1031, 20
5982098.exe , 22.440460205078125000, 18.033691406250000000, 0.361068725585937500,  ,  1057, 1044, 12
5982098.exe , 22.403793334960937500, 18.000076293945312500, 0.361373901367187500,  ,  1058, 1042, 16
5982622.exe , 67.135803222656250000, 54.239974975585937500, 0.982925415039062500,  ,  2889, 1737, 1154
5982622.exe , 66.893661499023437500, 54.083221435546875000, 0.972152709960937500,  ,  2858, 1711, 1145
5982622.exe , 66.971374511718750000, 54.056610107421875000, 0.980133056640625000,  ,  2880, 1757, 1121
5982622.exe , 67.745162963867187500, 54.700622558593750000, 0.980850219726562500,  ,  2883, 1702, 1180
5982622.exe , 67.162567138671875000, 54.331268310546875000, 0.978622436523437500,  ,  2878, 1736, 1140
5982622.exe , 67.513336181640625000, 54.575271606445312500, 0.976989746093750000,  ,  2869, 1739, 1129
5982622.exe , 66.884292602539062500, 53.920333862304687500, 0.979278564453125000,  ,  2876, 1696, 1181
5982622.exe , 67.663436889648437500, 54.731140136718750000, 0.981155395507812500,  ,  2884, 1687, 1196
5982622.exe , 67.166809082031250000, 54.324462890625000000, 0.977737426757812500,  ,  2874, 1707, 1166
5982622.exe , 67.119171142578125000, 54.220352172851562500, 0.974853515625000000,  ,  2867, 1681, 1183
5982622.exe , 67.074996948242187500, 54.154449462890625000, 0.977401733398437500,  ,  2873, 1716, 1159
5982622.exe , 67.699615478515625000, 54.762908935546875000, 0.979339599609375000,  ,  2879, 1724, 1153
5982622.exe , 67.144714355468750000, 54.233154296875000000, 0.978744506835937500,  ,  2877, 1696, 1180
5982622.exe , 67.459518432617187500, 54.502731323242187500, 0.979095458984375000,  ,  2878, 1695, 1183
5982622.exe , 67.800231933593750000, 54.821823120117187500, 0.976318359375000000,  ,  2869, 1734, 1135
5982622.exe , 67.064498901367187500, 54.203002929687500000, 0.979370117187500000,  ,  2879, 1719, 1157
5982622.exe , 67.077590942382812500, 54.348648071289062500, 0.973068237304687500,  ,  2861, 1711, 1149
5982622.exe , 67.011764526367187500, 54.111633300781250000, 0.975112915039062500,  ,  2867, 1705, 1160
5982622.exe , 66.701538085937500000, 53.836639404296875000, 0.975814819335937500,  ,  2866, 1703, 1165
5982622.exe , 67.754852294921875000, 54.897293090820312500, 0.971405029296875000,  ,  2855, 1734, 1122
5982622.exe , 67.734985351562500000, 54.779663085937500000, 0.979949951171875000,  ,  2880, 1714, 1164
5982622.exe , 67.161422729492187500, 54.395416259765625000, 0.972640991210937500,  ,  2858, 1742, 1114
5982622.exe , 66.991104125976562500, 54.135559082031250000, 0.978286743164062500,  ,  2875, 1706, 1171
5982622.exe , 67.677947998046875000, 54.684722900390625000, 0.984054565429687500,  ,  2893, 1734, 1158
5982622.exe , 67.300811767578125000, 54.366760253906250000, 0.980484008789062500,  ,  2882, 1778, 1106
5982622.exe , 67.756973266601562500, 54.772491455078125000, 0.985168457031250000,  ,  2893, 1721, 1172
5982622.exe , 67.446136474609375000, 54.579574584960937500, 0.978378295898437500,  ,  2877, 1773, 1105
5982622.exe , 67.463790893554687500, 54.539947509765625000, 0.979690551757812500,  ,  2881, 1715, 1164
5982622.exe , 66.988174438476562500, 54.119079589843750000, 0.979461669921875000,  ,  2878, 1696, 1183
5982622.exe , 67.440902709960937500, 54.596817016601562500, 0.979064941406250000,  ,  2879, 1789, 1090
6110683.exe , 73.018218994140625000, 59.004821777343750000, 1.062118530273437500,  ,  3124, 1926, 1196
6110683.exe , 72.912796020507812500, 58.968933105468750000, 1.062194824218750000,  ,  3124, 1925, 1198
6110683.exe , 72.731201171875000000, 58.832260131835937500, 1.057022094726562500,  ,  3106, 1948, 1157
6110683.exe , 72.891372680664062500, 58.981338500976562500, 1.064422607421875000,  ,  3129, 1945, 1186
6110683.exe , 72.690887451171875000, 58.714111328125000000, 1.059326171875000000,  ,  3114, 1868, 1243
6110683.exe , 72.342697143554687500, 58.456436157226562500, 1.053878784179687500,  ,  3098, 1994, 1105
6110683.exe , 72.992660522460937500, 58.995376586914062500, 1.059677124023437500,  ,  3113, 1985, 1131
6110683.exe , 72.694152832031250000, 58.725112915039062500, 1.061996459960937500,  ,  3120, 1926, 1192
6110683.exe , 72.741592407226562500, 58.883224487304687500, 1.054733276367187500,  ,  3101, 1962, 1137
6110683.exe , 73.241821289062500000, 59.321914672851562500, 1.056228637695312500,  ,  3104, 1934, 1171
6110683.exe , 73.210830688476562500, 59.180725097656250000, 1.062866210937500000,  ,  3123, 1966, 1160
6110683.exe , 73.008132934570312500, 59.075195312500000000, 1.054092407226562500,  ,  3100, 1932, 1168
6110683.exe , 73.304946899414062500, 59.260223388671875000, 1.063598632812500000,  ,  3127, 1955, 1171
6110683.exe , 73.395202636718750000, 59.321853637695312500, 1.060791015625000000,  ,  3119, 1938, 1178
6110683.exe , 73.461364746093750000, 59.420318603515625000, 1.062606811523437500,  ,  3125, 1945, 1179
6110683.exe , 73.209686279296875000, 59.307586669921875000, 1.058624267578125000,  ,  3111, 1990, 1121
6110683.exe , 73.327484130859375000, 59.313980102539062500, 1.058792114257812500,  ,  3112, 1930, 1182
6110683.exe , 73.535308837890625000, 59.640029907226562500, 1.057830810546875000,  ,  3110, 1945, 1162
6110683.exe , 72.384857177734375000, 58.533386230468750000, 1.057998657226562500,  ,  3110, 1920, 1189
6110683.exe , 73.353408813476562500, 59.294906616210937500, 1.061004638671875000,  ,  3119, 1996, 1122
6110683.exe , 73.684677124023437500, 59.639160156250000000, 1.060897827148437500,  ,  3119, 1998, 1118
6110683.exe , 73.423019409179687500, 59.358810424804687500, 1.061645507812500000,  ,  3118, 1881, 1239
6110683.exe , 73.498931884765625000, 59.601440429687500000, 1.053985595703125000,  ,  3097, 1979, 1115
6110683.exe , 72.981933593750000000, 58.947586059570312500, 1.061050415039062500,  ,  3118, 1913, 1205
6110683.exe , 73.150054931640625000, 59.179504394531250000, 1.056640625000000000,  ,  3104, 1948, 1157
6110683.exe , 73.057113647460937500, 59.100799560546875000, 1.061126708984375000,  ,  3120, 1973, 1148
6110683.exe , 73.165740966796875000, 59.195114135742187500, 1.063064575195312500,  ,  3125, 2030, 1096
6110683.exe , 73.225128173828125000, 59.165695190429687500, 1.061843872070312500,  ,  3121, 1954, 1166
6110683.exe , 73.154678344726562500, 59.210144042968750000, 1.059997558593750000,  ,  3116, 1936, 1178
6110683.exe , 72.902557373046875000, 58.996093750000000000, 1.062377929687500000,  ,  3123, 1996, 1128
6250726.exe , 73.963653564453125000, 59.888336181640625000, 1.082901000976562500,  ,  3185, 1381, 1804
6250726.exe , 74.407440185546875000, 60.102447509765625000, 1.087417602539062500,  ,  3199, 1370, 1827
6250726.exe , 74.362655639648437500, 60.111831665039062500, 1.089584350585937500,  ,  3205, 1317, 1886
6250726.exe , 74.026351928710937500, 59.829116821289062500, 1.077316284179687500,  ,  3167, 1347, 1820
6250726.exe , 73.951644897460937500, 59.720870971679687500, 1.084671020507812500,  ,  3189, 1296, 1893
6250726.exe , 74.134765625000000000, 60.042297363281250000, 1.083282470703125000,  ,  3185, 1348, 1836
6250726.exe , 74.115463256835937500, 59.891754150390625000, 1.084930419921875000,  ,  3190, 1294, 1894
6250726.exe , 74.105941772460937500, 59.888717651367187500, 1.079879760742187500,  ,  3176, 1341, 1835
6250726.exe , 74.012115478515625000, 59.695205688476562500, 1.089050292968750000,  ,  3201, 1371, 1829
6250726.exe , 74.112564086914062500, 59.901443481445312500, 1.080108642578125000,  ,  3176, 1253, 1923
6250726.exe , 74.113174438476562500, 60.028137207031250000, 1.081512451171875000,  ,  3180, 1354, 1828
6250726.exe , 74.323822021484375000, 60.097549438476562500, 1.080627441406250000,  ,  3177, 1289, 1886
6250726.exe , 74.543029785156250000, 60.464614868164062500, 1.080978393554687500,  ,  3178, 1275, 1903
6250726.exe , 73.787506103515625000, 59.689437866210937500, 1.081542968750000000,  ,  3180, 1277, 1904
6250726.exe , 74.273178100585937500, 60.064163208007812500, 1.086013793945312500,  ,  3191, 1290, 1902
6250726.exe , 74.454345703125000000, 60.217712402343750000, 1.084167480468750000,  ,  3187, 1349, 1841
6250726.exe , 73.691528320312500000, 59.550811767578125000, 1.085388183593750000,  ,  3190, 1278, 1914
6250726.exe , 73.877014160156250000, 59.798263549804687500, 1.079345703125000000,  ,  3175, 1304, 1871
6250726.exe , 74.199295043945312500, 60.060150146484375000, 1.084457397460937500,  ,  3189, 1325, 1865
6250726.exe , 73.658432006835937500, 59.552581787109375000, 1.083114624023437500,  ,  3185, 1317, 1867
6250726.exe , 73.960632324218750000, 59.773025512695312500, 1.085083007812500000,  ,  3190, 1281, 1911
6250726.exe , 74.037933349609375000, 59.902359008789062500, 1.086151123046875000,  ,  3192, 1308, 1884
6250726.exe , 73.621139526367187500, 59.512893676757812500, 1.083053588867187500,  ,  3186, 1330, 1856
6250726.exe , 74.634353637695312500, 60.447448730468750000, 1.091934204101562500,  ,  3208, 1360, 1851
6250726.exe , 73.965698242187500000, 59.893646240234375000, 1.083038330078125000,  ,  3186, 1313, 1874
6250726.exe , 74.780456542968750000, 60.576400756835937500, 1.091384887695312500,  ,  3208, 1334, 1874
6250726.exe , 73.967361450195312500, 59.971282958984375000, 1.073226928710937500,  ,  3157, 1322, 1835
6250726.exe , 74.446884155273437500, 60.308273315429687500, 1.083541870117187500,  ,  3182, 1282, 1902
6250726.exe , 73.378799438476562500, 59.323776245117187500, 1.078964233398437500,  ,  3173, 1349, 1825
6250726.exe , 74.214279174804687500, 59.990768432617187500, 1.091354370117187500,  ,  3207, 1327, 1881
6283770.exe , 21.141540527343750000, 17.141159057617187500, 0.326492309570312500,  ,  955, 943, 12
6283770.exe , 20.882522583007812500, 16.899566650390625000, 0.327041625976562500,  ,  958, 932, 24
6283770.exe , 20.818649291992187500, 16.797698974609375000, 0.328384399414062500,  ,  961, 948, 12
6283770.exe , 21.064895629882812500, 17.041763305664062500, 0.328292846679687500,  ,  961, 950, 12
6283770.exe , 21.040313720703125000, 17.046554565429687500, 0.325286865234375000,  ,  952, 940, 12
6283770.exe , 21.059478759765625000, 17.055374145507812500, 0.326293945312500000,  ,  958, 932, 24
6283770.exe , 21.287567138671875000, 17.330947875976562500, 0.322509765625000000,  ,  947, 939, 8
6283770.exe , 21.056732177734375000, 17.062393188476562500, 0.324600219726562500,  ,  951, 931, 20
6283770.exe , 21.070434570312500000, 17.081985473632812500, 0.325164794921875000,  ,  951, 939, 12
6283770.exe , 21.098983764648437500, 17.114974975585937500, 0.325012207031250000,  ,  951, 940, 12
6283770.exe , 20.864624023437500000, 16.834518432617187500, 0.328292846679687500,  ,  961, 940, 20
6283770.exe , 21.069183349609375000, 17.103500366210937500, 0.326583862304687500,  ,  956, 945, 12
6283770.exe , 21.143920898437500000, 17.185806274414062500, 0.325897216796875000,  ,  955, 950, 4
6283770.exe , 21.044769287109375000, 17.064193725585937500, 0.326843261718750000,  ,  956, 945, 12
6283770.exe , 21.037384033203125000, 17.099075317382812500, 0.323883056640625000,  ,  949, 942, 8
6283770.exe , 20.898101806640625000, 16.918655395507812500, 0.327468872070312500,  ,  958, 938, 20
6283770.exe , 20.898178100585937500, 16.932418823242187500, 0.326446533203125000,  ,  955, 943, 12
6283770.exe , 21.236038208007812500, 17.350357055664062500, 0.320495605468750000,  ,  938, 934, 4
6283770.exe , 21.050964355468750000, 17.140930175781250000, 0.322570800781250000,  ,  942, 918, 24
6283770.exe , 20.969116210937500000, 16.984558105468750000, 0.327331542968750000,  ,  959, 951, 8
6283770.exe , 20.841201782226562500, 16.859375000000000000, 0.326690673828125000,  ,  957, 949, 8
6283770.exe , 21.135360717773437500, 17.193344116210937500, 0.324172973632812500,  ,  950, 930, 20
6283770.exe , 21.028350830078125000, 17.018249511718750000, 0.327880859375000000,  ,  963, 952, 8
6283770.exe , 21.088287353515625000, 17.157226562500000000, 0.323501586914062500,  ,  948, 942, 4
6283770.exe , 21.220092773437500000, 17.328079223632812500, 0.319869995117187500,  ,  935, 919, 16
6283770.exe , 21.186569213867187500, 17.274505615234375000, 0.321289062500000000,  ,  940, 933, 8
6283770.exe , 20.904113769531250000, 16.945724487304687500, 0.325454711914062500,  ,  953, 933, 20
6283770.exe , 20.949844360351562500, 16.985580444335937500, 0.325805664062500000,  ,  955, 946, 8
6283770.exe , 20.973526000976562500, 17.034652709960937500, 0.324569702148437500,  ,  951, 943, 8
6283770.exe , 20.901245117187500000, 16.929260253906250000, 0.326965332031250000,  ,  957, 949, 8
6397107.exe , 65.253280639648437500, 52.675170898437500000, 0.950744628906250000,  ,  2796, 1713, 1081
6397107.exe , 65.152221679687500000, 52.552932739257812500, 0.948730468750000000,  ,  2787, 1646, 1142
6397107.exe , 65.743301391601562500, 53.151931762695312500, 0.950592041015625000,  ,  2794, 1660, 1133
6397107.exe , 65.366394042968750000, 52.738113403320312500, 0.947387695312500000,  ,  2785, 1605, 1178
6397107.exe , 65.438018798828125000, 52.939956665039062500, 0.949417114257812500,  ,  2792, 1587, 1206
6397107.exe , 65.734573364257812500, 53.240921020507812500, 0.946533203125000000,  ,  2781, 1637, 1143
6397107.exe , 65.591522216796875000, 53.055770874023437500, 0.951843261718750000,  ,  2799, 1679, 1120
6397107.exe , 64.887054443359375000, 52.380737304687500000, 0.950561523437500000,  ,  2793, 1547, 1247
6397107.exe , 65.225418090820312500, 52.620040893554687500, 0.951461791992187500,  ,  2797, 1648, 1150
6397107.exe , 64.669326782226562500, 52.199478149414062500, 0.947616577148437500,  ,  2784, 1597, 1186
6397107.exe , 65.185150146484375000, 52.683883666992187500, 0.949615478515625000,  ,  2792, 1662, 1133
6397107.exe , 64.962677001953125000, 52.590118408203125000, 0.940383911132812500,  ,  2764, 1619, 1144
6397107.exe , 65.306869506835937500, 52.748718261718750000, 0.945037841796875000,  ,  2777, 1597, 1178
6397107.exe , 64.932342529296875000, 52.466461181640625000, 0.945907592773437500,  ,  2780, 1632, 1148
6397107.exe , 65.501892089843750000, 52.843856811523437500, 0.953247070312500000,  ,  2804, 1628, 1174
6397107.exe , 65.949890136718750000, 53.315612792968750000, 0.950149536132812500,  ,  2791, 1682, 1105
6397107.exe , 65.324600219726562500, 52.738479614257812500, 0.946655273437500000,  ,  2783, 1604, 1179
6397107.exe , 65.407852172851562500, 52.756057739257812500, 0.949066162109375000,  ,  2789, 1658, 1132
6397107.exe , 66.960113525390625000, 54.360260009765625000, 0.946380615234375000,  ,  2782, 1641, 1140
6397107.exe , 64.958679199218750000, 52.440994262695312500, 0.949935913085937500,  ,  2791, 1666, 1127
6397107.exe , 65.399581909179687500, 52.805328369140625000, 0.947692871093750000,  ,  2785, 1608, 1174
6397107.exe , 64.988616943359375000, 52.493759155273437500, 0.947998046875000000,  ,  2787, 1598, 1188
6397107.exe , 65.153274536132812500, 52.538742065429687500, 0.949554443359375000,  ,  2792, 1629, 1160
6397107.exe , 65.453338623046875000, 52.969085693359375000, 0.950439453125000000,  ,  2794, 1575, 1218
6397107.exe , 65.011856079101562500, 52.572616577148437500, 0.944091796875000000,  ,  2775, 1583, 1191
6397107.exe , 64.874908447265625000, 52.414413452148437500, 0.945495605468750000,  ,  2778, 1639, 1138
6397107.exe , 64.556106567382812500, 52.165756225585937500, 0.939926147460937500,  ,  2764, 1546, 1217
6397107.exe , 65.269927978515625000, 52.646163940429687500, 0.950668334960937500,  ,  2796, 1641, 1154
6397107.exe , 65.053878784179687500, 52.446853637695312500, 0.947448730468750000,  ,  2784, 1580, 1203
6397107.exe , 65.675476074218750000, 53.053085327148437500, 0.946563720703125000,  ,  2782, 1641, 1139
6423147.exe , 77.568084716796875000, 62.775054931640625000, 1.125930786132812500,  ,  3310, 2133, 1175
6423147.exe , 77.323562622070312500, 62.541732788085937500, 1.127731323242187500,  ,  3318, 2170, 1146
6423147.exe , 76.764724731445312500, 62.040756225585937500, 1.121551513671875000,  ,  3298, 2213, 1087
6423147.exe , 77.241455078125000000, 62.416275024414062500, 1.126602172851562500,  ,  3311, 2106, 1204
6423147.exe , 77.440948486328125000, 62.688140869140625000, 1.128601074218750000,  ,  3317, 2264, 1054
6423147.exe , 77.034973144531250000, 62.261962890625000000, 1.123825073242187500,  ,  3304, 2106, 1199
6423147.exe , 77.892044067382812500, 63.124969482421875000, 1.122222900390625000,  ,  3299, 2150, 1148
6423147.exe , 77.586013793945312500, 62.795059204101562500, 1.125183105468750000,  ,  3309, 2172, 1134
6423147.exe , 77.489974975585937500, 62.764785766601562500, 1.123306274414062500,  ,  3303, 2155, 1147
6423147.exe , 77.648056030273437500, 62.881134033203125000, 1.128082275390625000,  ,  3314, 2131, 1182
6423147.exe , 77.155517578125000000, 62.516372680664062500, 1.124847412109375000,  ,  3307, 2145, 1161
6423147.exe , 77.454711914062500000, 62.752090454101562500, 1.125076293945312500,  ,  3308, 2114, 1193
6423147.exe , 76.551208496093750000, 61.960418701171875000, 1.120101928710937500,  ,  3292, 2125, 1164
6423147.exe , 77.837158203125000000, 63.234100341796875000, 1.123214721679687500,  ,  3301, 2119, 1180
6423147.exe , 77.785766601562500000, 62.917022705078125000, 1.132843017578125000,  ,  3331, 2130, 1200
6423147.exe , 76.980865478515625000, 62.366958618164062500, 1.123550415039062500,  ,  3303, 2196, 1106
6423147.exe , 77.603027343750000000, 62.813842773437500000, 1.124618530273437500,  ,  3309, 2163, 1143
6423147.exe , 77.614730834960937500, 62.872207641601562500, 1.125534057617187500,  ,  3309, 2217, 1092
6423147.exe , 77.325302124023437500, 62.580093383789062500, 1.121368408203125000,  ,  3297, 2197, 1099
6423147.exe , 77.753189086914062500, 63.018936157226562500, 1.126876831054687500,  ,  3312, 2183, 1130
6423147.exe , 77.622161865234375000, 62.883529663085937500, 1.125305175781250000,  ,  3310, 2117, 1189
6423147.exe , 77.031784057617187500, 62.227645874023437500, 1.126800537109375000,  ,  3313, 2204, 1108
6423147.exe , 77.740615844726562500, 62.966400146484375000, 1.127899169921875000,  ,  3315, 2168, 1148
6423147.exe , 76.709854125976562500, 62.065063476562500000, 1.125839233398437500,  ,  3310, 2164, 1145
6423147.exe , 77.815643310546875000, 63.010101318359375000, 1.131851196289062500,  ,  3328, 2176, 1150
6423147.exe , 76.830505371093750000, 62.183532714843750000, 1.125473022460937500,  ,  3307, 2163, 1144
6423147.exe , 77.190643310546875000, 62.460220336914062500, 1.123474121093750000,  ,  3302, 2146, 1154
6423147.exe , 76.645553588867187500, 62.048385620117187500, 1.119506835937500000,  ,  3293, 2097, 1194
6423147.exe , 77.536514282226562500, 62.761566162109375000, 1.123016357421875000,  ,  3301, 2193, 1109
6423147.exe , 77.507766723632812500, 62.784683227539062500, 1.122909545898437500,  ,  3300, 2148, 1151
6646013.exe , 67.081329345703125000, 54.298126220703125000, 0.972122192382812500,  ,  2857, 1673, 1187
6646013.exe , 67.741973876953125000, 54.806625366210937500, 0.975479125976562500,  ,  2869, 1785, 1082
6646013.exe , 67.121322631835937500, 54.306411743164062500, 0.976211547851562500,  ,  2870, 1648, 1222
6646013.exe , 67.279556274414062500, 54.363998413085937500, 0.976623535156250000,  ,  2870, 1648, 1222
6646013.exe , 67.005859375000000000, 54.222396850585937500, 0.972366333007812500,  ,  2857, 1682, 1174
6646013.exe , 66.730560302734375000, 53.993179321289062500, 0.969070434570312500,  ,  2847, 1692, 1155
6646013.exe , 67.444046020507812500, 54.659362792968750000, 0.968658447265625000,  ,  2846, 1706, 1141
6646013.exe , 67.569839477539062500, 54.601196289062500000, 0.976806640625000000,  ,  2870, 1689, 1181
6646013.exe , 67.658264160156250000, 54.742263793945312500, 0.974121093750000000,  ,  2865, 1698, 1166
6646013.exe , 67.505950927734375000, 54.516738891601562500, 0.979751586914062500,  ,  2876, 1716, 1161
6646013.exe , 67.663589477539062500, 54.745193481445312500, 0.975799560546875000,  ,  2867, 1734, 1133
6646013.exe , 67.774353027343750000, 54.855285644531250000, 0.975708007812500000,  ,  2868, 1705, 1163
6646013.exe , 67.473358154296875000, 54.593719482421875000, 0.974075317382812500,  ,  2866, 1691, 1174
6646013.exe , 66.737213134765625000, 53.976638793945312500, 0.971527099609375000,  ,  2856, 1694, 1162
6646013.exe , 67.718154907226562500, 54.803985595703125000, 0.978820800781250000,  ,  2877, 1663, 1214
6646013.exe , 66.951202392578125000, 54.187622070312500000, 0.970031738281250000,  ,  2851, 1765, 1085
6646013.exe , 67.339111328125000000, 54.500610351562500000, 0.970413208007812500,  ,  2854, 1750, 1102
6646013.exe , 67.576995849609375000, 54.703582763671875000, 0.975296020507812500,  ,  2868, 1625, 1242
6646013.exe , 67.594635009765625000, 54.782943725585937500, 0.970092773437500000,  ,  2851, 1676, 1175
6646013.exe , 67.619598388671875000, 54.710739135742187500, 0.977218627929687500,  ,  2872, 1790, 1083
6646013.exe , 66.924179077148437500, 54.168304443359375000, 0.969406127929687500,  ,  2849, 1730, 1118
6646013.exe , 67.862564086914062500, 54.895690917968750000, 0.980209350585937500,  ,  2880, 1691, 1190
6646013.exe , 67.789733886718750000, 54.904495239257812500, 0.976882934570312500,  ,  2871, 1650, 1220
6646013.exe , 67.845504760742187500, 54.910400390625000000, 0.972763061523437500,  ,  2860, 1671, 1189
6646013.exe , 67.565750122070312500, 54.636734008789062500, 0.972991943359375000,  ,  2860, 1714, 1146
6646013.exe , 67.602691650390625000, 54.715209960937500000, 0.978012084960937500,  ,  2876, 1707, 1167
6646013.exe , 67.230438232421875000, 54.398635864257812500, 0.971969604492187500,  ,  2858, 1695, 1164
6646013.exe , 67.823333740234375000, 54.885437011718750000, 0.977371215820312500,  ,  2873, 1701, 1172
6646013.exe , 67.523010253906250000, 54.758163452148437500, 0.969848632812500000,  ,  2852, 1689, 1161
6646013.exe , 67.540374755859375000, 54.731475830078125000, 0.974960327148437500,  ,  2866, 1680, 1187
6674342.exe , 23.808410644531250000, 19.302001953125000000, 0.371170043945312500,  ,  1088, 1080, 8
6674342.exe , 23.733795166015625000, 19.144882202148437500, 0.375442504882812500,  ,  1100, 1078, 24
6674342.exe , 23.684051513671875000, 19.130416870117187500, 0.375259399414062500,  ,  1101, 1096, 4
6674342.exe , 23.613098144531250000, 19.001495361328125000, 0.377090454101562500,  ,  1106, 1079, 24
6674342.exe , 23.807342529296875000, 19.282165527343750000, 0.372848510742187500,  ,  1092, 1079, 12
6674342.exe , 23.655181884765625000, 19.045578002929687500, 0.377059936523437500,  ,  1105, 1081, 24
6674342.exe , 23.622100830078125000, 19.014434814453125000, 0.376953125000000000,  ,  1105, 1097, 8
6674342.exe , 23.674453735351562500, 19.143524169921875000, 0.373153686523437500,  ,  1094, 1082, 12
6674342.exe , 23.814804077148437500, 19.241134643554687500, 0.374710083007812500,  ,  1097, 1078, 20
6674342.exe , 23.567337036132812500, 19.018798828125000000, 0.374954223632812500,  ,  1099, 1084, 16
6674342.exe , 23.849761962890625000, 19.297622680664062500, 0.371704101562500000,  ,  1090, 1071, 16
6674342.exe , 23.853012084960937500, 19.246673583984375000, 0.374160766601562500,  ,  1096, 1085, 12
6674342.exe , 23.668334960937500000, 19.148223876953125000, 0.371704101562500000,  ,  1090, 1076, 12
6674342.exe , 23.840301513671875000, 19.259628295898437500, 0.374221801757812500,  ,  1096, 1077, 20
6674342.exe , 23.553298950195312500, 18.995376586914062500, 0.377120971679687500,  ,  1105, 1090, 16
6674342.exe , 23.765457153320312500, 19.206573486328125000, 0.374114990234375000,  ,  1094, 1086, 8
6674342.exe , 23.770156860351562500, 19.285522460937500000, 0.368743896484375000,  ,  1080, 1067, 12
6674342.exe , 23.638259887695312500, 19.012832641601562500, 0.377655029296875000,  ,  1106, 1087, 20
6674342.exe , 23.710556030273437500, 19.168441772460937500, 0.373138427734375000,  ,  1093, 1079, 12
6674342.exe , 23.596664428710937500, 18.991836547851562500, 0.376708984375000000,  ,  1104, 1097, 8
6674342.exe , 23.816589355468750000, 19.201934814453125000, 0.374252319335937500,  ,  1097, 1086, 12
6674342.exe , 23.800216674804687500, 19.209640502929687500, 0.374191284179687500,  ,  1096, 1080, 16
6674342.exe , 23.762039184570312500, 19.151840209960937500, 0.376312255859375000,  ,  1102, 1095, 8
6674342.exe , 23.699554443359375000, 19.205886840820312500, 0.370025634765625000,  ,  1083, 1072, 12
6674342.exe , 23.794281005859375000, 19.288833618164062500, 0.370925903320312500,  ,  1086, 1075, 12
6674342.exe , 23.768493652343750000, 19.188446044921875000, 0.373703002929687500,  ,  1095, 1079, 16
6674342.exe , 23.830841064453125000, 19.258605957031250000, 0.374145507812500000,  ,  1095, 1083, 12
6674342.exe , 23.854324340820312500, 19.261077880859375000, 0.374145507812500000,  ,  1095, 1083, 12
6674342.exe , 23.881912231445312500, 19.411346435546875000, 0.366775512695312500,  ,  1075, 1066, 8
6674342.exe , 23.595458984375000000, 19.001998901367187500, 0.376342773437500000,  ,  1103, 1087, 16
6898337.exe , 17.195785522460937500, 14.092834472656250000, 0.256530761718750000,  ,  752, 741, 8
6898337.exe , 17.075103759765625000, 13.862854003906250000, 0.263259887695312500,  ,  771, 752, 20
6898337.exe , 17.250625610351562500, 14.052566528320312500, 0.260711669921875000,  ,  762, 750, 12
6898337.exe , 17.245819091796875000, 14.078247070312500000, 0.259963989257812500,  ,  761, 754, 8
6898337.exe , 17.215972900390625000, 14.064529418945312500, 0.258636474609375000,  ,  757, 749, 8
6898337.exe , 17.094726562500000000, 13.925170898437500000, 0.261230468750000000,  ,  766, 754, 12
6898337.exe , 17.072280883789062500, 13.967559814453125000, 0.257644653320312500,  ,  755, 741, 12
6898337.exe , 17.281417846679687500, 14.192520141601562500, 0.256088256835937500,  ,  749, 741, 8
6898337.exe , 17.296539306640625000, 14.191177368164062500, 0.255783081054687500,  ,  750, 739, 12
6898337.exe , 17.301513671875000000, 14.187271118164062500, 0.255661010742187500,  ,  750, 731, 16
6898337.exe , 17.209930419921875000, 14.092681884765625000, 0.256622314453125000,  ,  753, 742, 12
6898337.exe , 17.302337646484375000, 14.194366455078125000, 0.257492065429687500,  ,  752, 736, 16
6898337.exe , 17.231079101562500000, 14.074600219726562500, 0.259368896484375000,  ,  758, 750, 8
6898337.exe , 17.071426391601562500, 13.910522460937500000, 0.261169433593750000,  ,  765, 762, 4
6898337.exe , 17.185348510742187500, 14.027740478515625000, 0.259490966796875000,  ,  760, 742, 16
6898337.exe , 17.142501831054687500, 13.967742919921875000, 0.261383056640625000,  ,  766, 754, 12
6898337.exe , 17.079864501953125000, 13.923736572265625000, 0.260269165039062500,  ,  761, 757, 4
6898337.exe , 17.226211547851562500, 14.085021972656250000, 0.258789062500000000,  ,  759, 745, 12
6898337.exe , 17.044479370117187500, 13.902236938476562500, 0.258758544921875000,  ,  759, 753, 4
6898337.exe , 17.276382446289062500, 14.128479003906250000, 0.260498046875000000,  ,  762, 744, 16
6898337.exe , 17.087814331054687500, 13.933563232421875000, 0.260314941406250000,  ,  763, 751, 12
6898337.exe , 17.087905883789062500, 13.965118408203125000, 0.257400512695312500,  ,  754, 740, 12
6898337.exe , 17.424499511718750000, 14.286193847656250000, 0.257186889648437500,  ,  753, 747, 4
6898337.exe , 17.042785644531250000, 13.910919189453125000, 0.259750366210937500,  ,  761, 750, 12
6898337.exe , 17.319351196289062500, 14.218841552734375000, 0.256210327148437500,  ,  749, 746, 4
6898337.exe , 17.310958862304687500, 14.217880249023437500, 0.255325317382812500,  ,  747, 737, 8
6898337.exe , 17.077529907226562500, 13.882446289062500000, 0.264022827148437500,  ,  773, 755, 16
6898337.exe , 16.934234619140625000, 13.755905151367187500, 0.262481689453125000,  ,  768, 759, 8
6898337.exe , 17.168884277343750000, 14.010452270507812500, 0.259445190429687500,  ,  760, 740, 20
6898337.exe , 16.988479614257812500, 13.831375122070312500, 0.261932373046875000,  ,  765, 757, 8
6919345.exe , 67.355026245117187500, 54.422576904296875000, 0.979263305664062500,  ,  2879, 1754, 1125
6919345.exe , 67.587997436523437500, 54.739929199218750000, 0.979690551757812500,  ,  2879, 1712, 1167
6919345.exe , 67.087402343750000000, 54.312164306640625000, 0.976013183593750000,  ,  2872, 1698, 1175
6919345.exe , 67.813949584960937500, 54.814926147460937500, 0.979293823242187500,  ,  2881, 1767, 1112
6919345.exe , 66.788024902343750000, 54.060928344726562500, 0.968292236328125000,  ,  2846, 1689, 1154
6919345.exe , 67.073394775390625000, 54.305969238281250000, 0.971450805664062500,  ,  2857, 1721, 1134
6919345.exe , 67.641876220703125000, 54.660217285156250000, 0.985885620117187500,  ,  2897, 1699, 1199
6919345.exe , 67.321014404296875000, 54.361938476562500000, 0.980789184570312500,  ,  2881, 1744, 1138
6919345.exe , 66.949951171875000000, 54.135375976562500000, 0.974227905273437500,  ,  2865, 1675, 1189
6919345.exe , 66.859283447265625000, 54.005203247070312500, 0.978454589843750000,  ,  2874, 1659, 1218
6919345.exe , 67.157516479492187500, 54.332321166992187500, 0.975509643554687500,  ,  2867, 1708, 1158
6919345.exe , 67.382431030273437500, 54.507827758789062500, 0.979461669921875000,  ,  2876, 1736, 1143
6919345.exe , 66.846145629882812500, 54.028396606445312500, 0.976150512695312500,  ,  2870, 1673, 1196
6919345.exe , 66.945343017578125000, 54.161758422851562500, 0.972808837890625000,  ,  2861, 1660, 1200
6919345.exe , 67.897521972656250000, 54.995635986328125000, 0.973129272460937500,  ,  2861, 1721, 1140
6919345.exe , 67.550796508789062500, 54.691040039062500000, 0.978866577148437500,  ,  2877, 1762, 1116
6919345.exe , 67.142837524414062500, 54.217453002929687500, 0.977462768554687500,  ,  2873, 1704, 1172
6919345.exe , 67.300750732421875000, 54.474411010742187500, 0.976196289062500000,  ,  2868, 1762, 1107
6919345.exe , 67.337387084960937500, 54.459457397460937500, 0.973846435546875000,  ,  2861, 1729, 1132
6919345.exe , 68.112838745117187500, 55.018264770507812500, 0.984863281250000000,  ,  2896, 1695, 1202
6919345.exe , 67.940185546875000000, 54.933837890625000000, 0.979125976562500000,  ,  2877, 1733, 1143
6919345.exe , 68.386413574218750000, 55.279052734375000000, 0.985229492187500000,  ,  2895, 1719, 1177
6919345.exe , 67.861923217773437500, 54.874633789062500000, 0.973190307617187500,  ,  2858, 1729, 1127
6919345.exe , 67.971328735351562500, 54.948577880859375000, 0.979415893554687500,  ,  2879, 1708, 1169
6919345.exe , 67.597473144531250000, 54.675888061523437500, 0.982727050781250000,  ,  2889, 1774, 1116
6919345.exe , 67.787460327148437500, 54.818344116210937500, 0.977874755859375000,  ,  2875, 1679, 1195
6919345.exe , 67.089660644531250000, 54.280853271484375000, 0.975936889648437500,  ,  2870, 1630, 1240
6919345.exe , 67.897583007812500000, 54.966323852539062500, 0.976943969726562500,  ,  2871, 1688, 1181
6919345.exe , 67.430999755859375000, 54.625595092773437500, 0.977462768554687500,  ,  2875, 1732, 1143
6919345.exe , 67.582839965820312500, 54.768508911132812500, 0.980850219726562500,  ,  2883, 1756, 1126
6993680.exe , 29.635910034179687500, 24.128143310546875000, 0.455627441406250000,  ,  1335, 1319, 16
6993680.exe , 29.532730102539062500, 24.019287109375000000, 0.455245971679687500,  ,  1335, 1331, 4
6993680.exe , 29.460601806640625000, 23.895767211914062500, 0.455749511718750000,  ,  1335, 1318, 16
6993680.exe , 29.641006469726562500, 24.060913085937500000, 0.459365844726562500,  ,  1348, 1326, 20
6993680.exe , 29.679382324218750000, 24.175460815429687500, 0.455825805664062500,  ,  1338, 1325, 12
6993680.exe , 29.666717529296875000, 24.070358276367187500, 0.455566406250000000,  ,  1338, 1327, 8
6993680.exe , 29.705108642578125000, 24.148864746093750000, 0.455596923828125000,  ,  1335, 1322, 12
6993680.exe , 29.685836791992187500, 24.068344116210937500, 0.458984375000000000,  ,  1347, 1321, 24
6993680.exe , 29.386032104492187500, 23.885330200195312500, 0.454513549804687500,  ,  1332, 1315, 16
6993680.exe , 29.628402709960937500, 24.058670043945312500, 0.455612182617187500,  ,  1336, 1324, 12
6993680.exe , 29.594100952148437500, 24.031372070312500000, 0.455825805664062500,  ,  1336, 1324, 12
6993680.exe , 29.462509155273437500, 23.925216674804687500, 0.455291748046875000,  ,  1337, 1330, 4
6993680.exe , 29.526000976562500000, 24.007476806640625000, 0.455078125000000000,  ,  1334, 1319, 16
6993680.exe , 29.672531127929687500, 24.108795166015625000, 0.455749511718750000,  ,  1337, 1324, 12
6993680.exe , 29.454193115234375000, 23.909286499023437500, 0.457519531250000000,  ,  1342, 1330, 12
6993680.exe , 29.535919189453125000, 23.938522338867187500, 0.457611083984375000,  ,  1343, 1339, 4
6993680.exe , 29.502304077148437500, 23.880889892578125000, 0.459091186523437500,  ,  1347, 1320, 24
6993680.exe , 29.391769409179687500, 23.791519165039062500, 0.458633422851562500,  ,  1345, 1333, 12
6993680.exe , 29.585021972656250000, 24.036773681640625000, 0.455261230468750000,  ,  1335, 1314, 20
6993680.exe , 29.438751220703125000, 23.936203002929687500, 0.452621459960937500,  ,  1329, 1320, 8
6993680.exe , 29.443038940429687500, 23.883972167968750000, 0.456436157226562500,  ,  1341, 1337, 4
6993680.exe , 29.616622924804687500, 24.049942016601562500, 0.455596923828125000,  ,  1336, 1317, 20
6993680.exe , 29.672393798828125000, 24.094772338867187500, 0.455963134765625000,  ,  1338, 1331, 4
6993680.exe , 29.495086669921875000, 23.996215820312500000, 0.452331542968750000,  ,  1328, 1317, 12
6993680.exe , 29.615478515625000000, 24.056945800781250000, 0.455978393554687500,  ,  1338, 1334, 4
6993680.exe , 29.535934448242187500, 23.914138793945312500, 0.458877563476562500,  ,  1346, 1336, 8
6993680.exe , 29.591247558593750000, 23.963623046875000000, 0.459289550781250000,  ,  1346, 1335, 8
6993680.exe , 29.526153564453125000, 23.937332153320312500, 0.458236694335937500,  ,  1344, 1336, 8
6993680.exe , 29.425643920898437500, 23.931396484375000000, 0.453903198242187500,  ,  1334, 1314, 20
6993680.exe , 29.592193603515625000, 24.033737182617187500, 0.455535888671875000,  ,  1336, 1327, 8
720324.exe , 57.534027099609375000, 46.729339599609375000, 0.868591308593750000,  ,  2554, 1490, 1065
720324.exe , 56.857116699218750000, 46.162948608398437500, 0.864852905273437500,  ,  2543, 1483, 1059
720324.exe , 57.339996337890625000, 46.582138061523437500, 0.868682861328125000,  ,  2552, 1463, 1090
720324.exe , 56.678253173828125000, 45.998931884765625000, 0.864868164062500000,  ,  2543, 1426, 1118
720324.exe , 57.311904907226562500, 46.537460327148437500, 0.868560791015625000,  ,  2553, 1524, 1030
720324.exe , 57.274719238281250000, 46.595275878906250000, 0.866165161132812500,  ,  2547, 1492, 1054
720324.exe , 57.089416503906250000, 46.390350341796875000, 0.865844726562500000,  ,  2544, 1490, 1053
720324.exe , 57.594802856445312500, 46.752899169921875000, 0.870483398437500000,  ,  2557, 1517, 1042
720324.exe , 56.990539550781250000, 46.295303344726562500, 0.864227294921875000,  ,  2540, 1546, 995
720324.exe , 57.298736572265625000, 46.656204223632812500, 0.864547729492187500,  ,  2540, 1493, 1046
720324.exe , 57.237258911132812500, 46.495361328125000000, 0.869232177734375000,  ,  2553, 1532, 1022
720324.exe , 57.487564086914062500, 46.686523437500000000, 0.871551513671875000,  ,  2562, 1548, 1014
720324.exe , 57.282135009765625000, 46.542068481445312500, 0.869461059570312500,  ,  2555, 1420, 1135
720324.exe , 56.846740722656250000, 46.196838378906250000, 0.862487792968750000,  ,  2537, 1493, 1043
720324.exe , 56.780227661132812500, 46.112274169921875000, 0.862472534179687500,  ,  2535, 1477, 1058
720324.exe , 57.760162353515625000, 46.970764160156250000, 0.870407104492187500,  ,  2557, 1503, 1057
720324.exe , 57.196762084960937500, 46.498764038085937500, 0.866149902343750000,  ,  2547, 1478, 1069
720324.exe , 57.670745849609375000, 46.796813964843750000, 0.871978759765625000,  ,  2561, 1512, 1051
720324.exe , 56.957992553710937500, 46.237182617187500000, 0.866058349609375000,  ,  2546, 1594, 950
720324.exe , 58.039001464843750000, 47.244369506835937500, 0.867675781250000000,  ,  2552, 1444, 1107
720324.exe , 56.629364013671875000, 45.934539794921875000, 0.865158081054687500,  ,  2545, 1465, 1079
720324.exe , 57.540466308593750000, 46.685729980468750000, 0.879943847656250000,  ,  2586, 1518, 1069
720324.exe , 57.273941040039062500, 46.574783325195312500, 0.867080688476562500,  ,  2551, 1421, 1129
720324.exe , 56.841247558593750000, 46.082489013671875000, 0.869949340820312500,  ,  2558, 1413, 1145
720324.exe , 57.135864257812500000, 46.424423217773437500, 0.865661621093750000,  ,  2545, 1555, 990
720324.exe , 57.482849121093750000, 46.717010498046875000, 0.866806030273437500,  ,  2547, 1471, 1076
720324.exe , 56.935073852539062500, 46.215942382812500000, 0.867126464843750000,  ,  2548, 1509, 1041
720324.exe , 57.130493164062500000, 46.389266967773437500, 0.870513916015625000,  ,  2557, 1464, 1096
720324.exe , 56.718612670898437500, 46.042572021484375000, 0.863372802734375000,  ,  2537, 1586, 954
720324.exe , 57.281433105468750000, 46.531982421875000000, 0.866760253906250000,  ,  2548, 1495, 1052
7341220.exe , 33.071395874023437500, 27.166275024414062500, 0.486465454101562500,  ,  1428, 1412, 16
7341220.exe , 33.396255493164062500, 27.430465698242187500, 0.485977172851562500,  ,  1426, 1402, 24
7341220.exe , 33.455551147460937500, 27.597885131835937500, 0.482406616210937500,  ,  1414, 1406, 8
7341220.exe , 33.518325805664062500, 27.587707519531250000, 0.483703613281250000,  ,  1419, 1408, 8
7341220.exe , 33.505187988281250000, 27.575225830078125000, 0.486373901367187500,  ,  1427, 1397, 28
7341220.exe , 33.056411743164062500, 27.137252807617187500, 0.486984252929687500,  ,  1429, 1417, 12
7341220.exe , 33.500381469726562500, 27.662200927734375000, 0.480957031250000000,  ,  1413, 1386, 24
7341220.exe , 33.216720581054687500, 27.268676757812500000, 0.487243652343750000,  ,  1430, 1418, 12
7341220.exe , 33.194961547851562500, 27.208511352539062500, 0.489196777343750000,  ,  1435, 1406, 28
7341220.exe , 33.489303588867187500, 27.512481689453125000, 0.487182617187500000,  ,  1430, 1402, 28
7341220.exe , 33.706344604492187500, 27.828460693359375000, 0.482772827148437500,  ,  1418, 1404, 12
7341220.exe , 33.219909667968750000, 27.328613281250000000, 0.484893798828125000,  ,  1423, 1411, 12
7341220.exe , 33.262191772460937500, 27.326019287109375000, 0.486923217773437500,  ,  1427, 1409, 16
7341220.exe , 33.268615722656250000, 27.274124145507812500, 0.489562988281250000,  ,  1437, 1418, 16
7341220.exe , 33.138854980468750000, 27.252700805664062500, 0.483718872070312500,  ,  1420, 1399, 20
7341220.exe , 33.281585693359375000, 27.291503906250000000, 0.489913940429687500,  ,  1436, 1416, 20
7341220.exe , 33.273345947265625000, 27.410781860351562500, 0.481246948242187500,  ,  1412, 1387, 24
7341220.exe , 33.554199218750000000, 27.636337280273437500, 0.483444213867187500,  ,  1418, 1396, 20
7341220.exe , 33.248565673828125000, 27.332458496093750000, 0.485336303710937500,  ,  1425, 1411, 12
7341220.exe , 33.185989379882812500, 27.280380249023437500, 0.485488891601562500,  ,  1425, 1403, 20
7341220.exe , 33.187500000000000000, 27.298065185546875000, 0.483963012695312500,  ,  1421, 1397, 24
7341220.exe , 33.343307495117187500, 27.470214843750000000, 0.481964111328125000,  ,  1414, 1402, 12
7341220.exe , 33.560363769531250000, 27.586837768554687500, 0.486343383789062500,  ,  1427, 1411, 12
7341220.exe , 33.395507812500000000, 27.486038208007812500, 0.485702514648437500,  ,  1426, 1402, 24
7341220.exe , 33.459274291992187500, 27.509918212890625000, 0.486862182617187500,  ,  1427, 1410, 16
7341220.exe , 33.387985229492187500, 27.373825073242187500, 0.489501953125000000,  ,  1436, 1412, 24
7341220.exe , 33.385177612304687500, 27.537338256835937500, 0.481033325195312500,  ,  1410, 1404, 4
7341220.exe , 33.519607543945312500, 27.601989746093750000, 0.483322143554687500,  ,  1417, 1393, 24
7341220.exe , 33.444320678710937500, 27.477905273437500000, 0.486083984375000000,  ,  1426, 1403, 24
7341220.exe , 33.609924316406250000, 27.618942260742187500, 0.486892700195312500,  ,  1429, 1401, 24
7465111.exe , 53.257659912109375000, 43.181930541992187500, 0.809402465820312500,  ,  2378, 1323, 1055
7465111.exe , 52.928268432617187500, 42.851501464843750000, 0.813659667968750000,  ,  2391, 1319, 1072
7465111.exe , 53.260574340820312500, 43.119110107421875000, 0.816726684570312500,  ,  2398, 1349, 1050
7465111.exe , 53.457336425781250000, 43.428619384765625000, 0.812332153320312500,  ,  2386, 1312, 1074
7465111.exe , 52.883224487304687500, 42.816207885742187500, 0.813751220703125000,  ,  2393, 1372, 1020
7465111.exe , 53.389160156250000000, 43.331161499023437500, 0.808914184570312500,  ,  2376, 1327, 1051
7465111.exe , 53.053726196289062500, 43.006927490234375000, 0.810760498046875000,  ,  2383, 1317, 1067
7465111.exe , 53.334060668945312500, 43.305633544921875000, 0.810546875000000000,  ,  2380, 1379, 1003
7465111.exe , 53.430221557617187500, 43.331924438476562500, 0.815551757812500000,  ,  2397, 1339, 1058
7465111.exe , 52.840820312500000000, 42.790405273437500000, 0.812850952148437500,  ,  2389, 1368, 1022
7465111.exe , 53.014816284179687500, 42.983032226562500000, 0.811096191406250000,  ,  2382, 1309, 1074
7465111.exe , 53.052841186523437500, 43.008758544921875000, 0.810272216796875000,  ,  2382, 1339, 1044
7465111.exe , 53.607147216796875000, 43.548568725585937500, 0.811386108398437500,  ,  2383, 1247, 1136
7465111.exe , 53.188919067382812500, 43.144393920898437500, 0.811248779296875000,  ,  2387, 1304, 1081
7465111.exe , 53.626708984375000000, 43.509841918945312500, 0.813430786132812500,  ,  2390, 1284, 1107
7465111.exe , 52.943725585937500000, 42.885131835937500000, 0.811737060546875000,  ,  2387, 1360, 1027
7465111.exe , 53.189392089843750000, 43.199798583984375000, 0.808151245117187500,  ,  2372, 1314, 1060
7465111.exe , 52.812286376953125000, 42.741867065429687500, 0.812118530273437500,  ,  2388, 1296, 1090
7465111.exe , 53.056976318359375000, 43.013610839843750000, 0.810089111328125000,  ,  2381, 1336, 1048
7465111.exe , 53.232849121093750000, 43.155792236328125000, 0.812652587890625000,  ,  2388, 1295, 1092
7465111.exe , 53.177124023437500000, 43.067611694335937500, 0.810974121093750000,  ,  2381, 1319, 1062
7465111.exe , 53.004501342773437500, 42.962692260742187500, 0.810867309570312500,  ,  2381, 1373, 1010
7465111.exe , 52.919631958007812500, 42.873992919921875000, 0.810089111328125000,  ,  2381, 1333, 1048
7465111.exe , 53.391098022460937500, 43.263397216796875000, 0.813827514648437500,  ,  2391, 1316, 1075
7465111.exe , 52.984298706054687500, 42.965637207031250000, 0.808273315429687500,  ,  2377, 1331, 1047
7465111.exe , 53.443862915039062500, 43.304779052734375000, 0.812545776367187500,  ,  2387, 1294, 1095
7465111.exe , 53.234268188476562500, 43.126083374023437500, 0.815429687500000000,  ,  2397, 1411, 986
7465111.exe , 53.582580566406250000, 43.524185180664062500, 0.813262939453125000,  ,  2389, 1309, 1079
7465111.exe , 53.282546997070312500, 43.254638671875000000, 0.809173583984375000,  ,  2378, 1304, 1075
7465111.exe , 53.636627197265625000, 43.509078979492187500, 0.815185546875000000,  ,  2398, 1373, 1023
7649680.exe , 67.088455200195312500, 54.198303222656250000, 0.975769042968750000,  ,  2867, 1735, 1130
7649680.exe , 67.396652221679687500, 54.519470214843750000, 0.979949951171875000,  ,  2882, 1763, 1116
7649680.exe , 66.851409912109375000, 54.039916992187500000, 0.974533081054687500,  ,  2864, 1729, 1136
7649680.exe , 67.744857788085937500, 54.858551025390625000, 0.983657836914062500,  ,  2892, 1702, 1187
7649680.exe , 67.103378295898437500, 54.245742797851562500, 0.980178833007812500,  ,  2881, 1694, 1189
7649680.exe , 67.491302490234375000, 54.485809326171875000, 0.979431152343750000,  ,  2879, 1748, 1132
7649680.exe , 67.461273193359375000, 54.604248046875000000, 0.973999023437500000,  ,  2863, 1759, 1103
7649680.exe , 67.275924682617187500, 54.411483764648437500, 0.978866577148437500,  ,  2876, 1722, 1156
7649680.exe , 67.837631225585937500, 54.877716064453125000, 0.975326538085937500,  ,  2866, 1784, 1083
7649680.exe , 67.227859497070312500, 54.369979858398437500, 0.976654052734375000,  ,  2871, 1755, 1115
7649680.exe , 67.639663696289062500, 54.700424194335937500, 0.977615356445312500,  ,  2874, 1762, 1111
7649680.exe , 66.899185180664062500, 54.073532104492187500, 0.975280761718750000,  ,  2868, 1730, 1138
7649680.exe , 67.707244873046875000, 54.901260375976562500, 0.976837158203125000,  ,  2873, 1694, 1177
7649680.exe , 67.515747070312500000, 54.575119018554687500, 0.975234985351562500,  ,  2868, 1715, 1151
7649680.exe , 67.649795532226562500, 54.684509277343750000, 0.976882934570312500,  ,  2870, 1738, 1131
7649680.exe , 67.599060058593750000, 54.736022949218750000, 0.978836059570312500,  ,  2877, 1694, 1181
7649680.exe , 67.496017456054687500, 54.614410400390625000, 0.970291137695312500,  ,  2850, 1714, 1138
7649680.exe , 67.452911376953125000, 54.534393310546875000, 0.977645874023437500,  ,  2873, 1718, 1154
7649680.exe , 67.299102783203125000, 54.350997924804687500, 0.977188110351562500,  ,  2871, 1768, 1104
7649680.exe , 67.234832763671875000, 54.371032714843750000, 0.979522705078125000,  ,  2880, 1633, 1247
7649680.exe , 67.740905761718750000, 54.914031982421875000, 0.978118896484375000,  ,  2876, 1705, 1169
7649680.exe , 67.527130126953125000, 54.725540161132812500, 0.977584838867187500,  ,  2875, 1722, 1150
7649680.exe , 67.369995117187500000, 54.490127563476562500, 0.974761962890625000,  ,  2863, 1729, 1135
7649680.exe , 66.850204467773437500, 53.998336791992187500, 0.977569580078125000,  ,  2874, 1720, 1154
7649680.exe , 67.831085205078125000, 54.889999389648437500, 0.976791381835937500,  ,  2869, 1702, 1167
7649680.exe , 66.988235473632812500, 54.212768554687500000, 0.974044799804687500,  ,  2864, 1680, 1183
7649680.exe , 67.652313232421875000, 54.679382324218750000, 0.976242065429687500,  ,  2869, 1710, 1157
7649680.exe , 68.065460205078125000, 55.053680419921875000, 0.977706909179687500,  ,  2872, 1719, 1153
7649680.exe , 67.011779785156250000, 54.170013427734375000, 0.976882934570312500,  ,  2872, 1737, 1134
7649680.exe , 67.251312255859375000, 54.330062866210937500, 0.977401733398437500,  ,  2873, 1731, 1143
7721509.exe , 88.536743164062500000, 71.147079467773437500, 1.279510498046875000,  ,  3764, 1864, 1899
7721509.exe , 89.140914916992187500, 71.595169067382812500, 1.284683227539062500,  ,  3776, 1905, 1872
7721509.exe , 88.738494873046875000, 71.300720214843750000, 1.282516479492187500,  ,  3771, 1952, 1820
7721509.exe , 89.091583251953125000, 71.660842895507812500, 1.287002563476562500,  ,  3783, 1853, 1932
7721509.exe , 88.437393188476562500, 70.990447998046875000, 1.285720825195312500,  ,  3781, 1974, 1807
7721509.exe , 88.794784545898437500, 71.478546142578125000, 1.281982421875000000,  ,  3770, 1923, 1848
7721509.exe , 88.456558227539062500, 71.071777343750000000, 1.284149169921875000,  ,  3777, 1918, 1857
7721509.exe , 88.793609619140625000, 71.375137329101562500, 1.280853271484375000,  ,  3769, 1870, 1898
7721509.exe , 88.478637695312500000, 71.023529052734375000, 1.283752441406250000,  ,  3773, 1879, 1895
7721509.exe , 88.315414428710937500, 70.922042846679687500, 1.282440185546875000,  ,  3770, 1925, 1846
7721509.exe , 88.836349487304687500, 71.368606567382812500, 1.282592773437500000,  ,  3773, 1911, 1863
7721509.exe , 89.247894287109375000, 71.809310913085937500, 1.283981323242187500,  ,  3773, 1878, 1896
7721509.exe , 89.138900756835937500, 71.653198242187500000, 1.286682128906250000,  ,  3782, 1928, 1854
7721509.exe , 88.690399169921875000, 71.199737548828125000, 1.286087036132812500,  ,  3783, 1954, 1831
7721509.exe , 87.839294433593750000, 70.544647216796875000, 1.283218383789062500,  ,  3776, 1981, 1796
7721509.exe , 88.703735351562500000, 71.244644165039062500, 1.281570434570312500,  ,  3767, 1916, 1853
7721509.exe , 88.934036254882812500, 71.426406860351562500, 1.287796020507812500,  ,  3787, 1964, 1822
7721509.exe , 89.379470825195312500, 71.884750366210937500, 1.278930664062500000,  ,  3762, 1906, 1857
7721509.exe , 89.312698364257812500, 71.866516113281250000, 1.286956787109375000,  ,  3785, 1926, 1858
7721509.exe , 88.777145385742187500, 71.460754394531250000, 1.283172607421875000,  ,  3774, 1998, 1777
7721509.exe , 89.310974121093750000, 72.024337768554687500, 1.282714843750000000,  ,  3773, 1926, 1847
7721509.exe , 88.563720703125000000, 71.220977783203125000, 1.288925170898437500,  ,  3791, 1978, 1814
7721509.exe , 88.533142089843750000, 71.032897949218750000, 1.286376953125000000,  ,  3782, 1982, 1799
7721509.exe , 88.975814819335937500, 71.510055541992187500, 1.284622192382812500,  ,  3779, 1922, 1856
7721509.exe , 88.380950927734375000, 71.128143310546875000, 1.278366088867187500,  ,  3758, 1900, 1857
7721509.exe , 89.192260742187500000, 71.629638671875000000, 1.294799804687500000,  ,  3809, 1938, 1872
7721509.exe , 88.714187622070312500, 71.389938354492187500, 1.278457641601562500,  ,  3758, 1912, 1849
7721509.exe , 89.075042724609375000, 71.869033813476562500, 1.278182983398437500,  ,  3759, 1928, 1832
7721509.exe , 88.439682006835937500, 71.118255615234375000, 1.279861450195312500,  ,  3762, 1937, 1828
7721509.exe , 88.385482788085937500, 71.065673828125000000, 1.282760620117187500,  ,  3774, 1846, 1927
7926038.exe , 24.966629028320312500, 20.230667114257812500, 0.385925292968750000,  ,  1132, 1116, 16
7926038.exe , 25.024505615234375000, 20.369995117187500000, 0.382278442382812500,  ,  1119, 1112, 8
7926038.exe , 24.899826049804687500, 20.210998535156250000, 0.384170532226562500,  ,  1125, 1104, 20
7926038.exe , 25.133300781250000000, 20.425628662109375000, 0.382995605468750000,  ,  1122, 1091, 28
7926038.exe , 24.963699340820312500, 20.228897094726562500, 0.385986328125000000,  ,  1130, 1120, 12
7926038.exe , 25.052825927734375000, 20.325820922851562500, 0.385375976562500000,  ,  1129, 1106, 24
7926038.exe , 25.075439453125000000, 20.343780517578125000, 0.386199951171875000,  ,  1131, 1120, 12
7926038.exe , 25.261154174804687500, 20.577789306640625000, 0.380172729492187500,  ,  1114, 1099, 12
7926038.exe , 25.335494995117187500, 20.692596435546875000, 0.378646850585937500,  ,  1110, 1101, 8
7926038.exe , 24.950698852539062500, 20.298187255859375000, 0.382125854492187500,  ,  1120, 1110, 8
7926038.exe , 25.204605102539062500, 20.544235229492187500, 0.382522583007812500,  ,  1119, 1107, 12
7926038.exe , 25.083374023437500000, 20.374649047851562500, 0.383239746093750000,  ,  1125, 1101, 20
7926038.exe , 25.107833862304687500, 20.388732910156250000, 0.385177612304687500,  ,  1129, 1119, 8
7926038.exe , 25.044677734375000000, 20.350219726562500000, 0.382400512695312500,  ,  1122, 1109, 12
7926038.exe , 25.174468994140625000, 20.486831665039062500, 0.382797241210937500,  ,  1122, 1102, 20
7926038.exe , 25.133804321289062500, 20.433700561523437500, 0.383026123046875000,  ,  1122, 1102, 20
7926038.exe , 25.053848266601562500, 20.332443237304687500, 0.386154174804687500,  ,  1132, 1114, 20
7926038.exe , 25.128417968750000000, 20.424972534179687500, 0.382919311523437500,  ,  1122, 1106, 20
7926038.exe , 25.180725097656250000, 20.475585937500000000, 0.383377075195312500,  ,  1125, 1114, 8
7926038.exe , 25.248245239257812500, 20.587738037109375000, 0.380065917968750000,  ,  1113, 1097, 16
7926038.exe , 25.139251708984375000, 20.485763549804687500, 0.380859375000000000,  ,  1119, 1091, 24
7926038.exe , 24.955963134765625000, 20.218536376953125000, 0.386184692382812500,  ,  1134, 1114, 20
7926038.exe , 25.128921508789062500, 20.468231201171875000, 0.381301879882812500,  ,  1119, 1096, 20
7926038.exe , 25.007629394531250000, 20.283248901367187500, 0.385650634765625000,  ,  1131, 1115, 16
7926038.exe , 25.350433349609375000, 20.711868286132812500, 0.379211425781250000,  ,  1110, 1103, 8
7926038.exe , 24.957931518554687500, 20.350494384765625000, 0.378784179687500000,  ,  1111, 1097, 12
7926038.exe , 24.775253295898437500, 20.086029052734375000, 0.385421752929687500,  ,  1128, 1107, 20
7926038.exe , 25.023712158203125000, 20.311752319335937500, 0.385437011718750000,  ,  1129, 1103, 24
7926038.exe , 25.081298828125000000, 20.345626831054687500, 0.385574340820312500,  ,  1130, 1119, 12
7926038.exe , 24.988632202148437500, 20.291107177734375000, 0.382797241210937500,  ,  1122, 1095, 28
8240027.exe , 33.356475830078125000, 27.395019531250000000, 0.488784790039062500,  ,  1435, 1415, 20
8240027.exe , 33.321853637695312500, 27.394790649414062500, 0.486846923828125000,  ,  1428, 1419, 8
8240027.exe , 33.386596679687500000, 27.417724609375000000, 0.486709594726562500,  ,  1427, 1397, 28
8240027.exe , 33.221542358398437500, 27.256088256835937500, 0.488616943359375000,  ,  1434, 1425, 8
8240027.exe , 33.271453857421875000, 27.351913452148437500, 0.484939575195312500,  ,  1422, 1408, 16
8240027.exe , 33.259826660156250000, 27.328613281250000000, 0.487686157226562500,  ,  1432, 1414, 16
8240027.exe , 33.400695800781250000, 27.429809570312500000, 0.489730834960937500,  ,  1438, 1419, 20
8240027.exe , 33.312500000000000000, 27.343963623046875000, 0.489990234375000000,  ,  1437, 1414, 20
8240027.exe , 33.839843750000000000, 27.881500244140625000, 0.484497070312500000,  ,  1422, 1409, 12
8240027.exe , 33.453109741210937500, 27.521820068359375000, 0.483322143554687500,  ,  1418, 1400, 16
8240027.exe , 33.393402099609375000, 27.410690307617187500, 0.488861083984375000,  ,  1435, 1411, 24
8240027.exe , 33.349136352539062500, 27.411346435546875000, 0.485794067382812500,  ,  1427, 1415, 12
8240027.exe , 33.392517089843750000, 27.401596069335937500, 0.490234375000000000,  ,  1439, 1424, 12
8240027.exe , 33.409942626953125000, 27.392303466796875000, 0.489440917968750000,  ,  1436, 1417, 20
8240027.exe , 33.366485595703125000, 27.355316162109375000, 0.488998413085937500,  ,  1435, 1428, 8
8240027.exe , 33.430053710937500000, 27.441726684570312500, 0.486282348632812500,  ,  1427, 1415, 12
8240027.exe , 33.476196289062500000, 27.518569946289062500, 0.487182617187500000,  ,  1428, 1415, 12
8240027.exe , 33.274032592773437500, 27.331542968750000000, 0.486907958984375000,  ,  1427, 1405, 20
8240027.exe , 33.240005493164062500, 27.286727905273437500, 0.488906860351562500,  ,  1435, 1423, 12
8240027.exe , 33.367828369140625000, 27.383270263671875000, 0.486785888671875000,  ,  1427, 1414, 12
8240027.exe , 33.058120727539062500, 27.113143920898437500, 0.488052368164062500,  ,  1431, 1424, 8
8240027.exe , 33.066604614257812500, 27.142120361328125000, 0.486312866210937500,  ,  1427, 1423, 4
8240027.exe , 33.312667846679687500, 27.361022949218750000, 0.485443115234375000,  ,  1423, 1397, 28
8240027.exe , 33.141342163085937500, 27.217147827148437500, 0.486404418945312500,  ,  1427, 1405, 20
8240027.exe , 33.275405883789062500, 27.347137451171875000, 0.485534667968750000,  ,  1427, 1395, 32
8240027.exe , 33.341171264648437500, 27.379211425781250000, 0.486679077148437500,  ,  1430, 1414, 16
8240027.exe , 33.250946044921875000, 27.265533447265625000, 0.489532470703125000,  ,  1437, 1413, 24
8240027.exe , 33.300201416015625000, 27.366912841796875000, 0.487640380859375000,  ,  1433, 1407, 24
8240027.exe , 33.229354858398437500, 27.273208618164062500, 0.487930297851562500,  ,  1432, 1416, 16
8240027.exe , 33.230285644531250000, 27.294158935546875000, 0.485595703125000000,  ,  1425, 1410, 12
8459493.exe , 64.237014770507812500, 52.229248046875000000, 0.970169067382812500,  ,  2852, 1794, 1059
8459493.exe , 63.814712524414062500, 51.866470336914062500, 0.966415405273437500,  ,  2841, 1796, 1046
8459493.exe , 63.596420288085937500, 51.616287231445312500, 0.968215942382812500,  ,  2846, 1746, 1101
8459493.exe , 64.086532592773437500, 52.061904907226562500, 0.971755981445312500,  ,  2857, 1808, 1049
8459493.exe , 63.466156005859375000, 51.436965942382812500, 0.971694946289062500,  ,  2857, 1849, 1009
8459493.exe , 63.957504272460937500, 51.830261230468750000, 0.973373413085937500,  ,  2864, 1782, 1078
8459493.exe , 64.161239624023437500, 52.076797485351562500, 0.975082397460937500,  ,  2869, 1821, 1048
8459493.exe , 63.640060424804687500, 51.635223388671875000, 0.970626831054687500,  ,  2853, 1854, 999
8459493.exe , 63.397171020507812500, 51.380264282226562500, 0.971099853515625000,  ,  2856, 1812, 1043
8459493.exe , 63.703567504882812500, 51.708877563476562500, 0.969146728515625000,  ,  2849, 1688, 1161
8459493.exe , 63.572845458984375000, 51.640991210937500000, 0.964416503906250000,  ,  2835, 1815, 1020
8459493.exe , 63.675888061523437500, 51.735427856445312500, 0.965408325195312500,  ,  2836, 1757, 1079
8459493.exe , 63.694778442382812500, 51.696182250976562500, 0.969421386718750000,  ,  2851, 1831, 1018
8459493.exe , 64.127044677734375000, 52.013107299804687500, 0.973754882812500000,  ,  2864, 1923, 942
8459493.exe , 63.606460571289062500, 51.621414184570312500, 0.969192504882812500,  ,  2849, 1884, 967
8459493.exe , 63.588760375976562500, 51.425949096679687500, 0.974456787109375000,  ,  2863, 1767, 1097
8459493.exe , 64.523117065429687500, 52.358840942382812500, 0.970504760742187500,  ,  2854, 1780, 1071
8459493.exe , 63.995574951171875000, 51.833297729492187500, 0.973937988281250000,  ,  2861, 1818, 1043
8459493.exe , 63.765167236328125000, 51.701965332031250000, 0.971298217773437500,  ,  2855, 1825, 1032
8459493.exe , 64.191299438476562500, 52.161941528320312500, 0.965560913085937500,  ,  2838, 1830, 1008
8459493.exe , 63.938385009765625000, 51.812927246093750000, 0.976913452148437500,  ,  2870, 1785, 1086
8459493.exe , 63.715332031250000000, 51.700805664062500000, 0.970840454101562500,  ,  2852, 1753, 1101
8459493.exe , 63.526458740234375000, 51.530242919921875000, 0.968460083007812500,  ,  2845, 1837, 1010
8459493.exe , 64.575805664062500000, 52.490966796875000000, 0.975616455078125000,  ,  2867, 1831, 1034
8459493.exe , 64.233398437500000000, 52.137725830078125000, 0.973144531250000000,  ,  2859, 1853, 1008
8459493.exe , 64.068206787109375000, 52.050842285156250000, 0.969406127929687500,  ,  2850, 1828, 1022
8459493.exe , 64.140625000000000000, 51.978729248046875000, 0.974411010742187500,  ,  2864, 1844, 1021
8459493.exe , 63.614227294921875000, 51.576293945312500000, 0.969573974609375000,  ,  2848, 1756, 1095
8459493.exe , 64.056686401367187500, 51.965698242187500000, 0.967041015625000000,  ,  2842, 1789, 1054
8459493.exe , 63.747100830078125000, 51.587554931640625000, 0.974578857421875000,  ,  2865, 1752, 1116
8578083.exe , 16.393127441406250000, 13.067062377929687500, 0.272018432617187500,  ,  795, 778, 16
8578083.exe , 16.428955078125000000, 13.042770385742187500, 0.276443481445312500,  ,  808, 789, 20
8578083.exe , 16.419830322265625000, 13.063705444335937500, 0.272903442382812500,  ,  798, 774, 24
8578083.exe , 16.272308349609375000, 12.909088134765625000, 0.275634765625000000,  ,  806, 795, 12
8578083.exe , 16.650497436523437500, 13.321090698242187500, 0.271957397460937500,  ,  795, 777, 16
8578083.exe , 16.339874267578125000, 12.958450317382812500, 0.276382446289062500,  ,  809, 793, 16
8578083.exe , 16.360366821289062500, 12.991531372070312500, 0.275360107421875000,  ,  806, 792, 12
8578083.exe , 16.450500488281250000, 13.085006713867187500, 0.273071289062500000,  ,  798, 789, 8
8578083.exe , 16.349182128906250000, 12.975265502929687500, 0.275680541992187500,  ,  806, 802, 4
8578083.exe , -65519.425857543945312500, 13.258392333984375000, 0.269546508789062500,  ,  789, 785, 4
8578083.exe , 16.377761840820312500, 13.013717651367187500, 0.274795532226562500,  ,  806, 792, 12
8578083.exe , 16.569244384765625000, 13.254776000976562500, 0.269592285156250000,  ,  789, 777, 12
8578083.exe , 16.462600708007812500, 13.116928100585937500, 0.271560668945312500,  ,  795, 783, 12
8578083.exe , 16.350494384765625000, 12.974624633789062500, 0.275787353515625000,  ,  807, 794, 12
8578083.exe , 16.397491455078125000, 13.043823242187500000, 0.274246215820312500,  ,  803, 798, 4
8578083.exe , 16.436553955078125000, 13.097000122070312500, 0.273727416992187500,  ,  800, 784, 16
8578083.exe , 16.366744995117187500, 13.046432495117187500, 0.273757934570312500,  ,  801, 789, 12
8578083.exe , 16.420852661132812500, 13.074829101562500000, 0.273513793945312500,  ,  800, 780, 20
8578083.exe , 16.417694091796875000, 13.052322387695312500, 0.275985717773437500,  ,  807, 787, 20
8578083.exe , 16.250503540039062500, 12.918914794921875000, 0.274505615234375000,  ,  804, 777, 28
8578083.exe , 16.384384155273437500, 13.045440673828125000, 0.274459838867187500,  ,  804, 792, 12
8578083.exe , 16.438323974609375000, 13.125823974609375000, 0.272476196289062500,  ,  797, 775, 20
8578083.exe , 16.412231445312500000, 13.070739746093750000, 0.273284912109375000,  ,  798, 783, 16
8578083.exe , 16.366790771484375000, 13.074859619140625000, 0.270919799804687500,  ,  792, 788, 4
8578083.exe , 16.337936401367187500, 12.956130981445312500, 0.275939941406250000,  ,  807, 792, 16
8578083.exe , 16.547439575195312500, 13.218475341796875000, 0.270751953125000000,  ,  793, 781, 12
8578083.exe , 16.365814208984375000, 13.053588867187500000, 0.272720336914062500,  ,  797, 785, 12
8578083.exe , 16.395309448242187500, 13.019851684570312500, 0.276153564453125000,  ,  808, 800, 8
8578083.exe , 16.533767700195312500, 13.209991455078125000, 0.270751953125000000,  ,  791, 779, 12
8578083.exe , 16.462722778320312500, 13.127304077148437500, 0.271774291992187500,  ,  796, 787, 8
8602618.exe , 56.509582519531250000, 45.717910766601562500, 0.870544433593750000,  ,  2560, 1597, 965
8602618.exe , 57.356735229492187500, 46.550903320312500000, 0.868942260742187500,  ,  2552, 1566, 988
8602618.exe , 57.251770019531250000, 46.405075073242187500, 0.871658325195312500,  ,  2559, 1561, 1000
8602618.exe , 57.376739501953125000, 46.502639770507812500, 0.874511718750000000,  ,  2570, 1512, 1058
8602618.exe , 57.254425048828125000, 46.289718627929687500, 0.875198364257812500,  ,  2572, 1475, 1099
8602618.exe , 57.363159179687500000, 46.552017211914062500, 0.872482299804687500,  ,  2562, 1527, 1036
8602618.exe , 57.379028320312500000, 46.513000488281250000, 0.874557495117187500,  ,  2570, 1462, 1110
8602618.exe , 57.207916259765625000, 46.428680419921875000, 0.871231079101562500,  ,  2561, 1564, 998
8602618.exe , 57.175292968750000000, 46.418838500976562500, 0.867675781250000000,  ,  2550, 1534, 1018
8602618.exe , 57.274353027343750000, 46.388702392578125000, 0.875518798828125000,  ,  2573, 1586, 988
8602618.exe , 57.386932373046875000, 46.523773193359375000, 0.864868164062500000,  ,  2542, 1447, 1095
8602618.exe , 57.047134399414062500, 46.183807373046875000, 0.872039794921875000,  ,  2562, 1598, 964
8602618.exe , 57.471389770507812500, 46.608703613281250000, 0.876770019531250000,  ,  2578, 1509, 1070
8602618.exe , 57.674362182617187500, 46.811294555664062500, 0.871688842773437500,  ,  2561, 1463, 1098
8602618.exe , 56.946762084960937500, 46.131240844726562500, 0.874267578125000000,  ,  2570, 1504, 1068
8602618.exe , 57.234588623046875000, 46.438079833984375000, 0.873611450195312500,  ,  2568, 1510, 1059
8602618.exe , 57.194976806640625000, 46.418594360351562500, 0.871047973632812500,  ,  2560, 1463, 1099
8602618.exe , 57.057220458984375000, 46.269317626953125000, 0.873504638671875000,  ,  2568, 1466, 1104
8602618.exe , 57.317840576171875000, 46.543106079101562500, 0.871734619140625000,  ,  2562, 1530, 1032
8602618.exe , 57.437026977539062500, 46.635681152343750000, 0.872161865234375000,  ,  2564, 1525, 1039
8602618.exe , 57.587997436523437500, 46.604537963867187500, 0.880767822265625000,  ,  2589, 1574, 1015
8602618.exe , 57.066177368164062500, 46.244979858398437500, 0.872756958007812500,  ,  2564, 1553, 1015
8602618.exe , 57.079772949218750000, 46.211868286132812500, 0.871871948242187500,  ,  2562, 1536, 1026
8602618.exe , 57.283050537109375000, 46.367980957031250000, 0.876068115234375000,  ,  2573, 1565, 1011
8602618.exe , 57.428863525390625000, 46.524291992187500000, 0.874923706054687500,  ,  2568, 1530, 1040
8602618.exe , 56.841918945312500000, 46.058059692382812500, 0.870208740234375000,  ,  2559, 1542, 1018
8602618.exe , 57.297744750976562500, 46.348770141601562500, 0.876785278320312500,  ,  2576, 1504, 1074
8602618.exe , 57.079040527343750000, 46.195159912109375000, 0.877273559570312500,  ,  2579, 1519, 1061
8602618.exe , 56.713867187500000000, 45.980453491210937500, 0.869216918945312500,  ,  2554, 1509, 1046
8602618.exe , 57.068420410156250000, 46.259613037109375000, 0.875213623046875000,  ,  2575, 1553, 1022
919709.exe , 66.382446289062500000, 53.685668945312500000, 0.966079711914062500,  ,  2841, 1650, 1189
919709.exe , 66.966003417968750000, 54.090774536132812500, 0.969451904296875000,  ,  2850, 1676, 1173
919709.exe , 66.145339965820312500, 53.418807983398437500, 0.964859008789062500,  ,  2836, 1673, 1161
919709.exe , 66.101028442382812500, 53.424957275390625000, 0.966262817382812500,  ,  2842, 1661, 1180
919709.exe , 66.645721435546875000, 53.815460205078125000, 0.965255737304687500,  ,  2838, 1694, 1143
919709.exe , 66.081359863281250000, 53.339752197265625000, 0.967926025390625000,  ,  2847, 1751, 1095
919709.exe , 66.535034179687500000, 53.746383666992187500, 0.963226318359375000,  ,  2833, 1681, 1151
919709.exe , 66.203445434570312500, 53.572494506835937500, 0.960342407226562500,  ,  2823, 1664, 1157
919709.exe , 66.360275268554687500, 53.544265747070312500, 0.965255737304687500,  ,  2835, 1723, 1108
919709.exe , 66.609451293945312500, 53.728240966796875000, 0.969604492187500000,  ,  2851, 1654, 1196
919709.exe , 66.002151489257812500, 53.339202880859375000, 0.962585449218750000,  ,  2830, 1671, 1158
919709.exe , 65.903152465820312500, 53.234191894531250000, 0.963043212890625000,  ,  2832, 1701, 1131
919709.exe , 66.495178222656250000, 53.661529541015625000, 0.967712402343750000,  ,  2843, 1641, 1203
919709.exe , 66.456420898437500000, 53.721572875976562500, 0.964721679687500000,  ,  2835, 1674, 1158
919709.exe , 66.042968750000000000, 53.382232666015625000, 0.964965820312500000,  ,  2835, 1611, 1225
919709.exe , 66.863372802734375000, 53.954330444335937500, 0.973068237304687500,  ,  2861, 1666, 1192
919709.exe , 66.876998901367187500, 53.974395751953125000, 0.970748901367187500,  ,  2854, 1704, 1150
919709.exe , 66.418258666992187500, 53.675491333007812500, 0.968475341796875000,  ,  2848, 1705, 1143
919709.exe , 66.590026855468750000, 53.810745239257812500, 0.962005615234375000,  ,  2828, 1662, 1165
919709.exe , 66.659988403320312500, 53.824966430664062500, 0.964019775390625000,  ,  2835, 1704, 1129
919709.exe , 66.089157104492187500, 53.340576171875000000, 0.968811035156250000,  ,  2849, 1709, 1140
919709.exe , 66.528137207031250000, 53.835540771484375000, 0.966079711914062500,  ,  2838, 1671, 1168
919709.exe , 66.726089477539062500, 53.872344970703125000, 0.967559814453125000,  ,  2845, 1638, 1207
919709.exe , 65.907638549804687500, 53.237213134765625000, 0.963912963867187500,  ,  2834, 1599, 1237
919709.exe , 66.215820312500000000, 53.419601440429687500, 0.963485717773437500,  ,  2833, 1677, 1157
919709.exe , 65.970458984375000000, 53.322845458984375000, 0.962326049804687500,  ,  2831, 1634, 1196
919709.exe , 66.648239135742187500, 53.868972778320312500, 0.969253540039062500,  ,  2850, 1700, 1150
919709.exe , 67.052627563476562500, 54.127136230468750000, 0.973037719726562500,  ,  2859, 1720, 1138
919709.exe , 66.767593383789062500, 53.858932495117187500, 0.969741821289062500,  ,  2850, 1671, 1177
919709.exe , 66.429458618164062500, 53.755767822265625000, 0.962677001953125000,  ,  2830, 1648, 1183
976549.exe , 65.852935791015625000, 53.193817138671875000, 0.962661743164062500,  ,  2828, 1677, 1150
976549.exe , 65.657073974609375000, 53.104019165039062500, 0.958129882812500000,  ,  2816, 1699, 1118
976549.exe , 65.872314453125000000, 53.332901000976562500, 0.957305908203125000,  ,  2815, 1644, 1170
976549.exe , 65.539367675781250000, 53.052230834960937500, 0.952865600585937500,  ,  2802, 1601, 1197
976549.exe , 65.682067871093750000, 53.014892578125000000, 0.961776733398437500,  ,  2826, 1616, 1213
976549.exe , 65.146514892578125000, 52.590850830078125000, 0.958099365234375000,  ,  2817, 1727, 1090
976549.exe , 65.100265502929687500, 52.556152343750000000, 0.958099365234375000,  ,  2816, 1635, 1181
976549.exe , 65.630859375000000000, 53.071731567382812500, 0.957916259765625000,  ,  2817, 1680, 1138
976549.exe , 66.090087890625000000, 53.360534667968750000, 0.958770751953125000,  ,  2820, 1669, 1147
976549.exe , 65.789352416992187500, 53.221694946289062500, 0.954940795898437500,  ,  2806, 1646, 1158
976549.exe , 65.373428344726562500, 52.851013183593750000, 0.955795288085937500,  ,  2808, 1697, 1111
976549.exe , 65.483795166015625000, 52.946289062500000000, 0.952926635742187500,  ,  2802, 1684, 1117
976549.exe , 65.674697875976562500, 53.048400878906250000, 0.961746215820312500,  ,  2827, 1653, 1173
976549.exe , 65.269882202148437500, 52.807174682617187500, 0.951721191406250000,  ,  2798, 1623, 1173
976549.exe , 65.948532104492187500, 53.236495971679687500, 0.961181640625000000,  ,  2824, 1691, 1133
976549.exe , 66.233505249023437500, 53.444900512695312500, 0.966354370117187500,  ,  2841, 1667, 1172
976549.exe , 65.959396362304687500, 53.239898681640625000, 0.959625244140625000,  ,  2821, 1651, 1169
976549.exe , 65.527999877929687500, 52.994018554687500000, 0.953735351562500000,  ,  2803, 1642, 1162
976549.exe , 66.036376953125000000, 53.289840698242187500, 0.963607788085937500,  ,  2833, 1637, 1196
976549.exe , 65.165191650390625000, 52.610290527343750000, 0.958023071289062500,  ,  2817, 1669, 1148
976549.exe , 65.755264282226562500, 53.216461181640625000, 0.955368041992187500,  ,  2809, 1661, 1151
976549.exe , 64.941284179687500000, 52.463500976562500000, 0.952697753906250000,  ,  2802, 1666, 1134
976549.exe , 65.807403564453125000, 53.222625732421875000, 0.960250854492187500,  ,  2823, 1605, 1217
976549.exe , 66.032501220703125000, 53.330169677734375000, 0.957702636718750000,  ,  2815, 1619, 1194
976549.exe , 66.117935180664062500, 53.347305297851562500, 0.964782714843750000,  ,  2834, 1674, 1164
976549.exe , 65.696075439453125000, 52.982681274414062500, 0.957931518554687500,  ,  2817, 1661, 1155
976549.exe , 65.173828125000000000, 52.590850830078125000, 0.958877563476562500,  ,  2818, 1669, 1149
976549.exe , 65.695297241210937500, 53.119934082031250000, 0.960784912109375000,  ,  2825, 1709, 1113
976549.exe , 65.700744628906250000, 52.989410400390625000, 0.959396362304687500,  ,  2820, 1621, 1199
976549.exe , 65.138748168945312500, 52.629867553710937500, 0.954849243164062500,  ,  2807, 1656, 1149
